control	0
yaw_angle	1
cmd_type	0
pose_x	pose_y	pose_z	heading
15.000000	8.000000	0.000000	0.000000
15.000000	8.000000	3.000000	0.000000
15.125643	7.998026	3.000000	0.031416
15.251162	7.992107	3.000000	0.062832
15.376433	7.982248	3.000000	0.094248
15.501333	7.968459	3.000000	0.125664
15.625738	7.950753	3.000000	0.157080
15.749525	7.929149	3.000000	0.188496
15.872573	7.903667	3.000000	0.219911
15.994760	7.874333	3.000000	0.251327
16.115964	7.841175	3.000000	0.282743
16.236068	7.804226	3.000000	0.314159
16.354952	7.763523	3.000000	0.345575
16.472498	7.719106	3.000000	0.376991
16.588592	7.671019	3.000000	0.408407
16.703117	7.619308	3.000000	0.439823
16.815962	7.564026	3.000000	0.471239
16.927015	7.505227	3.000000	0.502655
17.036166	7.442968	3.000000	0.534071
17.143307	7.377312	3.000000	0.565487
17.248334	7.308322	3.000000	0.596903
17.351141	7.236068	3.000000	0.628319
17.451628	7.160620	3.000000	0.659734
17.549696	7.082053	3.000000	0.691150
17.645247	7.000444	3.000000	0.722566
17.738188	6.915875	3.000000	0.753982
17.828427	6.828427	3.000000	0.785398
17.915875	6.738188	3.000000	0.816814
18.000444	6.645247	3.000000	0.848230
18.082053	6.549696	3.000000	0.879646
18.160620	6.451628	3.000000	0.911062
18.236068	6.351141	3.000000	0.942478
18.308322	6.248334	3.000000	0.973894
18.377312	6.143307	3.000000	1.005310
18.442968	6.036166	3.000000	1.036726
18.505227	5.927015	3.000000	1.068142
18.564026	5.815962	3.000000	1.099557
18.619308	5.703117	3.000000	1.130973
18.671019	5.588592	3.000000	1.162389
18.719106	5.472498	3.000000	1.193805
18.763523	5.354952	3.000000	1.225221
18.804226	5.236068	3.000000	1.256637
18.841175	5.115964	3.000000	1.288053
18.874333	4.994760	3.000000	1.319469
18.903667	4.872573	3.000000	1.350885
18.929149	4.749525	3.000000	1.382301
18.950753	4.625738	3.000000	1.413717
18.968459	4.501333	3.000000	1.445133
18.982248	4.376433	3.000000	1.476549
18.992107	4.251162	3.000000	1.507964
18.998026	4.125643	3.000000	1.539380
19.000000	4.000000	3.000000	1.570796
18.998026	3.874357	3.000000	1.602212
18.992107	3.748838	3.000000	1.633628
18.982248	3.623567	3.000000	1.665044
18.968459	3.498667	3.000000	1.696460
18.950753	3.374262	3.000000	1.727876
18.929149	3.250475	3.000000	1.759292
18.903667	3.127427	3.000000	1.790708
18.874333	3.005240	3.000000	1.822124
18.841175	2.884036	3.000000	1.853540
18.804226	2.763932	3.000000	1.884956
18.763523	2.645048	3.000000	1.916372
18.719106	2.527502	3.000000	1.947787
18.671019	2.411408	3.000000	1.979203
18.619308	2.296883	3.000000	2.010619
18.564026	2.184038	3.000000	2.042035
18.505227	2.072985	3.000000	2.073451
18.442968	1.963834	3.000000	2.104867
18.377312	1.856693	3.000000	2.136283
18.308322	1.751666	3.000000	2.167699
18.236068	1.648859	3.000000	2.199115
18.160620	1.548372	3.000000	2.230531
18.082053	1.450304	3.000000	2.261947
18.000444	1.354753	3.000000	2.293363
17.915875	1.261812	3.000000	2.324779
17.828427	1.171573	3.000000	2.356194
17.738188	1.084125	3.000000	2.387610
17.645247	0.999556	3.000000	2.419026
17.549696	0.917947	3.000000	2.450442
17.451628	0.839380	3.000000	2.481858
17.351141	0.763932	3.000000	2.513274
17.248334	0.691678	3.000000	2.544690
17.143307	0.622688	3.000000	2.576106
17.036166	0.557032	3.000000	2.607522
16.927015	0.494773	3.000000	2.638938
16.815962	0.435974	3.000000	2.670354
16.703117	0.380692	3.000000	2.701770
16.588592	0.328981	3.000000	2.733186
16.472498	0.280894	3.000000	2.764602
16.354952	0.236477	3.000000	2.796017
16.236068	0.195774	3.000000	2.827433
16.115964	0.158825	3.000000	2.858849
15.994760	0.125667	3.000000	2.890265
15.872573	0.096333	3.000000	2.921681
15.749525	0.070851	3.000000	2.953097
15.625738	0.049247	3.000000	2.984513
15.501333	0.031541	3.000000	3.015929
15.376433	0.017752	3.000000	3.047345
15.251162	0.007893	3.000000	3.078761
15.125643	0.001974	3.000000	3.110177
15.000000	0.000000	3.000000	-3.141593
14.874357	0.001974	3.000000	-3.110177
14.748838	0.007893	3.000000	-3.078761
14.623567	0.017752	3.000000	-3.047345
14.498667	0.031541	3.000000	-3.015929
14.374262	0.049247	3.000000	-2.984513
14.250475	0.070851	3.000000	-2.953097
14.127427	0.096333	3.000000	-2.921681
14.005240	0.125667	3.000000	-2.890265
13.884036	0.158825	3.000000	-2.858849
13.763932	0.195774	3.000000	-2.827433
13.645048	0.236477	3.000000	-2.796017
13.527502	0.280894	3.000000	-2.764602
13.411408	0.328981	3.000000	-2.733186
13.296883	0.380692	3.000000	-2.701770
13.184038	0.435974	3.000000	-2.670354
13.072985	0.494773	3.000000	-2.638938
12.963834	0.557032	3.000000	-2.607522
12.856693	0.622688	3.000000	-2.576106
12.751666	0.691678	3.000000	-2.544690
12.648859	0.763932	3.000000	-2.513274
12.548372	0.839380	3.000000	-2.481858
12.450304	0.917947	3.000000	-2.450442
12.354753	0.999556	3.000000	-2.419026
12.261812	1.084125	3.000000	-2.387610
12.171573	1.171573	3.000000	-2.356194
12.084125	1.261812	3.000000	-2.324779
11.999556	1.354753	3.000000	-2.293363
11.917947	1.450304	3.000000	-2.261947
11.839380	1.548372	3.000000	-2.230531
11.763932	1.648859	3.000000	-2.199115
11.691678	1.751666	3.000000	-2.167699
11.622688	1.856693	3.000000	-2.136283
11.557032	1.963834	3.000000	-2.104867
11.494773	2.072985	3.000000	-2.073451
11.435974	2.184038	3.000000	-2.042035
11.380692	2.296883	3.000000	-2.010619
11.328981	2.411408	3.000000	-1.979203
11.280894	2.527502	3.000000	-1.947787
11.236477	2.645048	3.000000	-1.916372
11.195774	2.763932	3.000000	-1.884956
11.158825	2.884036	3.000000	-1.853540
11.125667	3.005240	3.000000	-1.822124
11.096333	3.127427	3.000000	-1.790708
11.070851	3.250475	3.000000	-1.759292
11.049247	3.374262	3.000000	-1.727876
11.031541	3.498667	3.000000	-1.696460
11.017752	3.623567	3.000000	-1.665044
11.007893	3.748838	3.000000	-1.633628
11.001974	3.874357	3.000000	-1.602212
11.000000	4.000000	3.000000	-1.570796
11.001974	4.125643	3.000000	-1.539380
11.007893	4.251162	3.000000	-1.507964
11.017752	4.376433	3.000000	-1.476549
11.031541	4.501333	3.000000	-1.445133
11.049247	4.625738	3.000000	-1.413717
11.070851	4.749525	3.000000	-1.382301
11.096333	4.872573	3.000000	-1.350885
11.125667	4.994760	3.000000	-1.319469
11.158825	5.115964	3.000000	-1.288053
11.195774	5.236068	3.000000	-1.256637
11.236477	5.354952	3.000000	-1.225221
11.280894	5.472498	3.000000	-1.193805
11.328981	5.588592	3.000000	-1.162389
11.380692	5.703117	3.000000	-1.130973
11.435974	5.815962	3.000000	-1.099557
11.494773	5.927015	3.000000	-1.068142
11.557032	6.036166	3.000000	-1.036726
11.622688	6.143307	3.000000	-1.005310
11.691678	6.248334	3.000000	-0.973894
11.763932	6.351141	3.000000	-0.942478
11.839380	6.451628	3.000000	-0.911062
11.917947	6.549696	3.000000	-0.879646
11.999556	6.645247	3.000000	-0.848230
12.084125	6.738188	3.000000	-0.816814
12.171573	6.828427	3.000000	-0.785398
12.261812	6.915875	3.000000	-0.753982
12.354753	7.000444	3.000000	-0.722566
12.450304	7.082053	3.000000	-0.691150
12.548372	7.160620	3.000000	-0.659734
12.648859	7.236068	3.000000	-0.628319
12.751666	7.308322	3.000000	-0.596903
12.856693	7.377312	3.000000	-0.565487
12.963834	7.442968	3.000000	-0.534071
13.072985	7.505227	3.000000	-0.502655
13.184038	7.564026	3.000000	-0.471239
13.296883	7.619308	3.000000	-0.439823
13.411408	7.671019	3.000000	-0.408407
13.527502	7.719106	3.000000	-0.376991
13.645048	7.763523	3.000000	-0.345575
13.763932	7.804226	3.000000	-0.314159
13.884036	7.841175	3.000000	-0.282743
14.005240	7.874333	3.000000	-0.251327
14.127427	7.903667	3.000000	-0.219911
14.250475	7.929149	3.000000	-0.188496
14.374262	7.950753	3.000000	-0.157080
14.498667	7.968459	3.000000	-0.125664
14.623567	7.982248	3.000000	-0.094248
14.748838	7.992107	3.000000	-0.062832
14.874357	7.998026	3.000000	-0.031416
