control	0
yaw_angle	1
cmd_type	0
pose_x	pose_y	pose_z	heading
3.375571	3.818034	0.000000	-2.199115
3.375571	3.818034	1.000000	-2.199115
3.425814	3.780310	1.010000	-2.230531
3.474848	3.741026	1.020000	-2.261947
3.522624	3.700222	1.030000	-2.293363
3.569094	3.657937	1.040000	-2.324779
3.614214	3.614214	1.050000	-2.356194
3.657937	3.569094	1.060000	-2.387610
3.700222	3.522624	1.070000	-2.419026
3.741026	3.474848	1.080000	-2.450442
3.780310	3.425814	1.090000	-2.481858
3.818034	3.375571	1.100000	-2.513274
3.854161	3.324167	1.110000	-2.544690
3.888656	3.271654	1.120000	-2.576106
3.921484	3.218083	1.130000	-2.607522
3.952613	3.163507	1.140000	-2.638938
3.982013	3.107981	1.150000	-2.670354
4.009654	3.051559	1.160000	-2.701770
4.035509	2.994296	1.170000	-2.733186
4.059553	2.936249	1.180000	-2.764602
4.081762	2.877476	1.190000	-2.796017
4.102113	2.818034	1.200000	-2.827433
4.120587	2.757982	1.210000	-2.858849
4.137166	2.697380	1.220000	-2.890265
4.151834	2.636286	1.230000	-2.921681
4.164575	2.574763	1.240000	-2.953097
4.175377	2.512869	1.250000	-2.984513
4.184229	2.450666	1.260000	-3.015929
4.191124	2.388217	1.270000	-3.047345
4.196053	2.325581	1.280000	-3.078761
4.199013	2.262822	1.290000	-3.110177
4.200000	2.200000	1.300000	3.141593
4.199013	2.137178	1.310000	3.110177
4.196053	2.074419	1.320000	3.078761
4.191124	2.011783	1.330000	3.047345
4.184229	1.949334	1.340000	3.015929
4.175377	1.887131	1.350000	2.984513
4.164575	1.825237	1.360000	2.953097
4.151834	1.763714	1.370000	2.921681
4.137166	1.702620	1.380000	2.890265
4.120587	1.642018	1.390000	2.858849
4.102113	1.581966	1.400000	2.827433
4.081762	1.522524	1.410000	2.796017
4.059553	1.463751	1.420000	2.764602
4.035509	1.405704	1.430000	2.733186
4.009654	1.348441	1.440000	2.701770
3.982013	1.292019	1.450000	2.670354
3.952613	1.236493	1.460000	2.638938
3.921484	1.181917	1.470000	2.607522
3.888656	1.128346	1.480000	2.576106
3.854161	1.075833	1.490000	2.544690
3.818034	1.024429	1.500000	2.513274
3.780310	0.974186	1.510000	2.481858
3.741026	0.925152	1.520000	2.450442
3.700222	0.877376	1.530000	2.419026
3.657937	0.830906	1.540000	2.387610
3.614214	0.785786	1.550000	2.356194
3.569094	0.742063	1.560000	2.324779
3.522624	0.699778	1.570000	2.293363
3.474848	0.658974	1.580000	2.261947
3.425814	0.619690	1.590000	2.230531
3.375571	0.581966	1.600000	2.199115
3.324167	0.545839	1.610000	2.167699
3.271654	0.511344	1.620000	2.136283
3.218083	0.478516	1.630000	2.104867
3.163507	0.447387	1.640000	2.073451
3.107981	0.417987	1.650000	2.042035
3.051559	0.390346	1.660000	2.010619
2.994296	0.364491	1.670000	1.979203
2.936249	0.340447	1.680000	1.947787
2.877476	0.318238	1.690000	1.916372
2.818034	0.297887	1.700000	1.884956
2.757982	0.279413	1.710000	1.853540
2.697380	0.262834	1.720000	1.822124
2.636286	0.248166	1.730000	1.790708
2.574763	0.235425	1.740000	1.759292
2.512869	0.224623	1.750000	1.727876
2.450666	0.215771	1.760000	1.696460
2.388217	0.208876	1.770000	1.665044
2.325581	0.203947	1.780000	1.633628
2.262822	0.200987	1.790000	1.602212
2.200000	0.200000	1.800000	1.570796
2.137178	0.200987	1.810000	1.539380
2.074419	0.203947	1.820000	1.507964
2.011783	0.208876	1.830000	1.476549
1.949334	0.215771	1.840000	1.445133
1.887131	0.224623	1.850000	1.413717
1.825237	0.235425	1.860000	1.382301
1.763714	0.248166	1.870000	1.350885
1.702620	0.262834	1.880000	1.319469
1.642018	0.279413	1.890000	1.288053
1.581966	0.297887	1.900000	1.256637
1.522524	0.318238	1.910000	1.225221
1.463751	0.340447	1.920000	1.193805
1.405704	0.364491	1.930000	1.162389
1.348441	0.390346	1.940000	1.130973
1.292019	0.417987	1.950000	1.099557
1.236493	0.447387	1.960000	1.068142
1.181917	0.478516	1.970000	1.036726
1.128346	0.511344	1.980000	1.005310
1.075833	0.545839	1.990000	0.973894
1.024429	0.581966	2.000000	0.942478
0.974186	0.619690	1.990000	0.911062
0.925152	0.658974	1.980000	0.879646
0.877376	0.699778	1.970000	0.848230
0.830906	0.742063	1.960000	0.816814
0.785786	0.785786	1.950000	0.785398
0.742063	0.830906	1.940000	0.753982
0.699778	0.877376	1.930000	0.722566
0.658974	0.925152	1.920000	0.691150
0.619690	0.974186	1.910000	0.659734
0.581966	1.024429	1.900000	0.628319
0.545839	1.075833	1.890000	0.596903
0.511344	1.128346	1.880000	0.565487
0.478516	1.181917	1.870000	0.534071
0.447387	1.236493	1.860000	0.502655
0.417987	1.292019	1.850000	0.471239
0.390346	1.348441	1.840000	0.439823
0.364491	1.405704	1.830000	0.408407
0.340447	1.463751	1.820000	0.376991
0.318238	1.522524	1.810000	0.345575
0.297887	1.581966	1.800000	0.314159
0.279413	1.642018	1.790000	0.282743
0.262834	1.702620	1.780000	0.251327
0.248166	1.763714	1.770000	0.219911
0.235425	1.825237	1.760000	0.188496
0.224623	1.887131	1.750000	0.157080
0.215771	1.949334	1.740000	0.125664
0.208876	2.011783	1.730000	0.094248
0.203947	2.074419	1.720000	0.062832
0.200987	2.137178	1.710000	0.031416
0.200000	2.200000	1.700000	-0.000000
0.200987	2.262822	1.690000	-0.031416
0.203947	2.325581	1.680000	-0.062832
0.208876	2.388217	1.670000	-0.094248
0.215771	2.450666	1.660000	-0.125664
0.224623	2.512869	1.650000	-0.157080
0.235425	2.574763	1.640000	-0.188496
0.248166	2.636286	1.630000	-0.219911
0.262834	2.697380	1.620000	-0.251327
0.279413	2.757982	1.610000	-0.282743
0.297887	2.818034	1.600000	-0.314159
0.318238	2.877476	1.590000	-0.345575
0.340447	2.936249	1.580000	-0.376991
0.364491	2.994296	1.570000	-0.408407
0.390346	3.051559	1.560000	-0.439823
0.417987	3.107981	1.550000	-0.471239
0.447387	3.163507	1.540000	-0.502655
0.478516	3.218083	1.530000	-0.534071
0.511344	3.271654	1.520000	-0.565487
0.545839	3.324167	1.510000	-0.596903
0.581966	3.375571	1.500000	-0.628319
0.619690	3.425814	1.490000	-0.659734
0.658974	3.474848	1.480000	-0.691150
0.699778	3.522624	1.470000	-0.722566
0.742063	3.569094	1.460000	-0.753982
0.785786	3.614214	1.450000	-0.785398
0.830906	3.657937	1.440000	-0.816814
0.877376	3.700222	1.430000	-0.848230
0.925152	3.741026	1.420000	-0.879646
0.974186	3.780310	1.410000	-0.911062
1.024429	3.818034	1.400000	-0.942478
1.075833	3.854161	1.390000	-0.973894
1.128346	3.888656	1.380000	-1.005310
1.181917	3.921484	1.370000	-1.036726
1.236493	3.952613	1.360000	-1.068142
1.292019	3.982013	1.350000	-1.099557
1.348441	4.009654	1.340000	-1.130973
1.405704	4.035509	1.330000	-1.162389
1.463751	4.059553	1.320000	-1.193805
1.522524	4.081762	1.310000	-1.225221
1.581966	4.102113	1.300000	-1.256637
1.642018	4.120587	1.290000	-1.288053
1.702620	4.137166	1.280000	-1.319469
1.763714	4.151834	1.270000	-1.350885
1.825237	4.164575	1.260000	-1.382301
1.887131	4.175377	1.250000	-1.413717
1.949334	4.184229	1.240000	-1.445133
2.011783	4.191124	1.230000	-1.476549
2.074419	4.196053	1.220000	-1.507964
2.137178	4.199013	1.210000	-1.539380
2.200000	4.200000	1.200000	-1.570796
2.262822	4.199013	1.190000	-1.602212
2.325581	4.196053	1.180000	-1.633628
2.388217	4.191124	1.170000	-1.665044
2.450666	4.184229	1.160000	-1.696460
2.512869	4.175377	1.150000	-1.727876
2.574763	4.164575	1.140000	-1.759292
2.636286	4.151834	1.130000	-1.790708
2.697380	4.137166	1.120000	-1.822124
2.757982	4.120587	1.110000	-1.853540
2.818034	4.102113	1.100000	-1.884956
2.877476	4.081762	1.090000	-1.916372
2.936249	4.059553	1.080000	-1.947787
2.994296	4.035509	1.070000	-1.979203
3.051559	4.009654	1.060000	-2.010619
3.107981	3.982013	1.050000	-2.042035
3.163507	3.952613	1.040000	-2.073451
3.218083	3.921484	1.030000	-2.104867
3.271654	3.888656	1.020000	-2.136283
3.324167	3.854161	1.010000	-2.167699
