control	0
yaw_angle	1
cmd_type	0
pose_x	pose_y	pose_z	heading
0.000000	-2.000000	0.000000	1.570796
0.000000	-2.000000	3.000000	1.570796
-0.062822	-1.999013	3.000000	1.539380
-0.125581	-1.996053	3.000000	1.507964
-0.188217	-1.991124	3.000000	1.476549
-0.250666	-1.984229	3.000000	1.445133
-0.312869	-1.975377	3.000000	1.413717
-0.374763	-1.964575	3.000000	1.382301
-0.436286	-1.951834	3.000000	1.350885
-0.497380	-1.937166	3.000000	1.319469
-0.557982	-1.920587	3.000000	1.288053
-0.618034	-1.902113	3.000000	1.256637
-0.677476	-1.881762	3.000000	1.225221
-0.736249	-1.859553	3.000000	1.193805
-0.794296	-1.835509	3.000000	1.162389
-0.851559	-1.809654	3.000000	1.130973
-0.907981	-1.782013	3.000000	1.099557
-0.963507	-1.752613	3.000000	1.068142
-1.018083	-1.721484	3.000000	1.036726
-1.071654	-1.688656	3.000000	1.005310
-1.124167	-1.654161	3.000000	0.973894
-1.175571	-1.618034	3.000000	0.942478
-1.225814	-1.580310	3.000000	0.911062
-1.274848	-1.541026	3.000000	0.879646
-1.322624	-1.500222	3.000000	0.848230
-1.369094	-1.457937	3.000000	0.816814
-1.414214	-1.414214	3.000000	0.785398
-1.457937	-1.369094	3.000000	0.753982
-1.500222	-1.322624	3.000000	0.722566
-1.541026	-1.274848	3.000000	0.691150
-1.580310	-1.225814	3.000000	0.659734
-1.618034	-1.175571	3.000000	0.628319
-1.654161	-1.124167	3.000000	0.596903
-1.688656	-1.071654	3.000000	0.565487
-1.721484	-1.018083	3.000000	0.534071
-1.752613	-0.963507	3.000000	0.502655
-1.782013	-0.907981	3.000000	0.471239
-1.809654	-0.851559	3.000000	0.439823
-1.835509	-0.794296	3.000000	0.408407
-1.859553	-0.736249	3.000000	0.376991
-1.881762	-0.677476	3.000000	0.345575
-1.902113	-0.618034	3.000000	0.314159
-1.920587	-0.557982	3.000000	0.282743
-1.937166	-0.497380	3.000000	0.251327
-1.951834	-0.436286	3.000000	0.219911
-1.964575	-0.374763	3.000000	0.188496
-1.975377	-0.312869	3.000000	0.157080
-1.984229	-0.250666	3.000000	0.125664
-1.991124	-0.188217	3.000000	0.094248
-1.996053	-0.125581	3.000000	0.062832
-1.999013	-0.062822	3.000000	0.031416
-2.000000	0.000000	3.000000	-0.000000
-1.999013	0.062822	3.000000	-0.031416
-1.996053	0.125581	3.000000	-0.062832
-1.991124	0.188217	3.000000	-0.094248
-1.984229	0.250666	3.000000	-0.125664
-1.975377	0.312869	3.000000	-0.157080
-1.964575	0.374763	3.000000	-0.188496
-1.951834	0.436286	3.000000	-0.219911
-1.937166	0.497380	3.000000	-0.251327
-1.920587	0.557982	3.000000	-0.282743
-1.902113	0.618034	3.000000	-0.314159
-1.881762	0.677476	3.000000	-0.345575
-1.859553	0.736249	3.000000	-0.376991
-1.835509	0.794296	3.000000	-0.408407
-1.809654	0.851559	3.000000	-0.439823
-1.782013	0.907981	3.000000	-0.471239
-1.752613	0.963507	3.000000	-0.502655
-1.721484	1.018083	3.000000	-0.534071
-1.688656	1.071654	3.000000	-0.565487
-1.654161	1.124167	3.000000	-0.596903
-1.618034	1.175571	3.000000	-0.628319
-1.580310	1.225814	3.000000	-0.659734
-1.541026	1.274848	3.000000	-0.691150
-1.500222	1.322624	3.000000	-0.722566
-1.457937	1.369094	3.000000	-0.753982
-1.414214	1.414214	3.000000	-0.785398
-1.369094	1.457937	3.000000	-0.816814
-1.322624	1.500222	3.000000	-0.848230
-1.274848	1.541026	3.000000	-0.879646
-1.225814	1.580310	3.000000	-0.911062
-1.175571	1.618034	3.000000	-0.942478
-1.124167	1.654161	3.000000	-0.973894
-1.071654	1.688656	3.000000	-1.005310
-1.018083	1.721484	3.000000	-1.036726
-0.963507	1.752613	3.000000	-1.068142
-0.907981	1.782013	3.000000	-1.099557
-0.851559	1.809654	3.000000	-1.130973
-0.794296	1.835509	3.000000	-1.162389
-0.736249	1.859553	3.000000	-1.193805
-0.677476	1.881762	3.000000	-1.225221
-0.618034	1.902113	3.000000	-1.256637
-0.557982	1.920587	3.000000	-1.288053
-0.497380	1.937166	3.000000	-1.319469
-0.436286	1.951834	3.000000	-1.350885
-0.374763	1.964575	3.000000	-1.382301
-0.312869	1.975377	3.000000	-1.413717
-0.250666	1.984229	3.000000	-1.445133
-0.188217	1.991124	3.000000	-1.476549
-0.125581	1.996053	3.000000	-1.507964
-0.062822	1.999013	3.000000	-1.539380
0.000000	2.000000	3.000000	-1.570796
0.062822	1.999013	3.000000	-1.602212
0.125581	1.996053	3.000000	-1.633628
0.188217	1.991124	3.000000	-1.665044
0.250666	1.984229	3.000000	-1.696460
0.312869	1.975377	3.000000	-1.727876
0.374763	1.964575	3.000000	-1.759292
0.436286	1.951834	3.000000	-1.790708
0.497380	1.937166	3.000000	-1.822124
0.557982	1.920587	3.000000	-1.853540
0.618034	1.902113	3.000000	-1.884956
0.677476	1.881762	3.000000	-1.916372
0.736249	1.859553	3.000000	-1.947787
0.794296	1.835509	3.000000	-1.979203
0.851559	1.809654	3.000000	-2.010619
0.907981	1.782013	3.000000	-2.042035
0.963507	1.752613	3.000000	-2.073451
1.018083	1.721484	3.000000	-2.104867
1.071654	1.688656	3.000000	-2.136283
1.124167	1.654161	3.000000	-2.167699
1.175571	1.618034	3.000000	-2.199115
1.225814	1.580310	3.000000	-2.230531
1.274848	1.541026	3.000000	-2.261947
1.322624	1.500222	3.000000	-2.293363
1.369094	1.457937	3.000000	-2.324779
1.414214	1.414214	3.000000	-2.356194
1.457937	1.369094	3.000000	-2.387610
1.500222	1.322624	3.000000	-2.419026
1.541026	1.274848	3.000000	-2.450442
1.580310	1.225814	3.000000	-2.481858
1.618034	1.175571	3.000000	-2.513274
1.654161	1.124167	3.000000	-2.544690
1.688656	1.071654	3.000000	-2.576106
1.721484	1.018083	3.000000	-2.607522
1.752613	0.963507	3.000000	-2.638938
1.782013	0.907981	3.000000	-2.670354
1.809654	0.851559	3.000000	-2.701770
1.835509	0.794296	3.000000	-2.733186
1.859553	0.736249	3.000000	-2.764602
1.881762	0.677476	3.000000	-2.796017
1.902113	0.618034	3.000000	-2.827433
1.920587	0.557982	3.000000	-2.858849
1.937166	0.497380	3.000000	-2.890265
1.951834	0.436286	3.000000	-2.921681
1.964575	0.374763	3.000000	-2.953097
1.975377	0.312869	3.000000	-2.984513
1.984229	0.250666	3.000000	-3.015929
1.991124	0.188217	3.000000	-3.047345
1.996053	0.125581	3.000000	-3.078761
1.999013	0.062822	3.000000	-3.110177
2.000000	-0.000000	3.000000	3.141593
1.999013	-0.062822	3.000000	3.110177
1.996053	-0.125581	3.000000	3.078761
1.991124	-0.188217	3.000000	3.047345
1.984229	-0.250666	3.000000	3.015929
1.975377	-0.312869	3.000000	2.984513
1.964575	-0.374763	3.000000	2.953097
1.951834	-0.436286	3.000000	2.921681
1.937166	-0.497380	3.000000	2.890265
1.920587	-0.557982	3.000000	2.858849
1.902113	-0.618034	3.000000	2.827433
1.881762	-0.677476	3.000000	2.796017
1.859553	-0.736249	3.000000	2.764602
1.835509	-0.794296	3.000000	2.733186
1.809654	-0.851559	3.000000	2.701770
1.782013	-0.907981	3.000000	2.670354
1.752613	-0.963507	3.000000	2.638938
1.721484	-1.018083	3.000000	2.607522
1.688656	-1.071654	3.000000	2.576106
1.654161	-1.124167	3.000000	2.544690
1.618034	-1.175571	3.000000	2.513274
1.580310	-1.225814	3.000000	2.481858
1.541026	-1.274848	3.000000	2.450442
1.500222	-1.322624	3.000000	2.419026
1.457937	-1.369094	3.000000	2.387610
1.414214	-1.414214	3.000000	2.356194
1.369094	-1.457937	3.000000	2.324779
1.322624	-1.500222	3.000000	2.293363
1.274848	-1.541026	3.000000	2.261947
1.225814	-1.580310	3.000000	2.230531
1.175571	-1.618034	3.000000	2.199115
1.124167	-1.654161	3.000000	2.167699
1.071654	-1.688656	3.000000	2.136283
1.018083	-1.721484	3.000000	2.104867
0.963507	-1.752613	3.000000	2.073451
0.907981	-1.782013	3.000000	2.042035
0.851559	-1.809654	3.000000	2.010619
0.794296	-1.835509	3.000000	1.979203
0.736249	-1.859553	3.000000	1.947787
0.677476	-1.881762	3.000000	1.916372
0.618034	-1.902113	3.000000	1.884956
0.557982	-1.920587	3.000000	1.853540
0.497380	-1.937166	3.000000	1.822124
0.436286	-1.951834	3.000000	1.790708
0.374763	-1.964575	3.000000	1.759292
0.312869	-1.975377	3.000000	1.727876
0.250666	-1.984229	3.000000	1.696460
0.188217	-1.991124	3.000000	1.665044
0.125581	-1.996053	3.000000	1.633628
0.062822	-1.999013	3.000000	1.602212
0.000000	-2.000000	3.000000	1.570796
-0.062822	-1.999013	3.000000	1.539380
-0.125581	-1.996053	3.000000	1.507964
-0.188217	-1.991124	3.000000	1.476549
-0.250666	-1.984229	3.000000	1.445133
-0.312869	-1.975377	3.000000	1.413717
-0.374763	-1.964575	3.000000	1.382301
-0.436286	-1.951834	3.000000	1.350885
-0.497380	-1.937166	3.000000	1.319469
-0.557982	-1.920587	3.000000	1.288053
-0.618034	-1.902113	3.000000	1.256637
-0.677476	-1.881762	3.000000	1.225221
-0.736249	-1.859553	3.000000	1.193805
-0.794296	-1.835509	3.000000	1.162389
-0.851559	-1.809654	3.000000	1.130973
-0.907981	-1.782013	3.000000	1.099557
-0.963507	-1.752613	3.000000	1.068142
-1.018083	-1.721484	3.000000	1.036726
-1.071654	-1.688656	3.000000	1.005310
-1.124167	-1.654161	3.000000	0.973894
-1.175571	-1.618034	3.000000	0.942478
-1.225814	-1.580310	3.000000	0.911062
-1.274848	-1.541026	3.000000	0.879646
-1.322624	-1.500222	3.000000	0.848230
-1.369094	-1.457937	3.000000	0.816814
-1.414214	-1.414214	3.000000	0.785398
-1.457937	-1.369094	3.000000	0.753982
-1.500222	-1.322624	3.000000	0.722566
-1.541026	-1.274848	3.000000	0.691150
-1.580310	-1.225814	3.000000	0.659734
-1.618034	-1.175571	3.000000	0.628319
-1.654161	-1.124167	3.000000	0.596903
-1.688656	-1.071654	3.000000	0.565487
-1.721484	-1.018083	3.000000	0.534071
-1.752613	-0.963507	3.000000	0.502655
-1.782013	-0.907981	3.000000	0.471239
-1.809654	-0.851559	3.000000	0.439823
-1.835509	-0.794296	3.000000	0.408407
-1.859553	-0.736249	3.000000	0.376991
-1.881762	-0.677476	3.000000	0.345575
-1.902113	-0.618034	3.000000	0.314159
-1.920587	-0.557982	3.000000	0.282743
-1.937166	-0.497380	3.000000	0.251327
-1.951834	-0.436286	3.000000	0.219911
-1.964575	-0.374763	3.000000	0.188496
-1.975377	-0.312869	3.000000	0.157080
-1.984229	-0.250666	3.000000	0.125664
-1.991124	-0.188217	3.000000	0.094248
-1.996053	-0.125581	3.000000	0.062832
-1.999013	-0.062822	3.000000	0.031416
-2.000000	0.000000	3.000000	-0.000000
-1.999013	0.062822	3.000000	-0.031416
-1.996053	0.125581	3.000000	-0.062832
-1.991124	0.188217	3.000000	-0.094248
-1.984229	0.250666	3.000000	-0.125664
-1.975377	0.312869	3.000000	-0.157080
-1.964575	0.374763	3.000000	-0.188496
-1.951834	0.436286	3.000000	-0.219911
-1.937166	0.497380	3.000000	-0.251327
-1.920587	0.557982	3.000000	-0.282743
-1.902113	0.618034	3.000000	-0.314159
-1.881762	0.677476	3.000000	-0.345575
-1.859553	0.736249	3.000000	-0.376991
-1.835509	0.794296	3.000000	-0.408407
-1.809654	0.851559	3.000000	-0.439823
-1.782013	0.907981	3.000000	-0.471239
-1.752613	0.963507	3.000000	-0.502655
-1.721484	1.018083	3.000000	-0.534071
-1.688656	1.071654	3.000000	-0.565487
-1.654161	1.124167	3.000000	-0.596903
-1.618034	1.175571	3.000000	-0.628319
-1.580310	1.225814	3.000000	-0.659734
-1.541026	1.274848	3.000000	-0.691150
-1.500222	1.322624	3.000000	-0.722566
-1.457937	1.369094	3.000000	-0.753982
-1.414214	1.414214	3.000000	-0.785398
-1.369094	1.457937	3.000000	-0.816814
-1.322624	1.500222	3.000000	-0.848230
-1.274848	1.541026	3.000000	-0.879646
-1.225814	1.580310	3.000000	-0.911062
-1.175571	1.618034	3.000000	-0.942478
-1.124167	1.654161	3.000000	-0.973894
-1.071654	1.688656	3.000000	-1.005310
-1.018083	1.721484	3.000000	-1.036726
-0.963507	1.752613	3.000000	-1.068142
-0.907981	1.782013	3.000000	-1.099557
-0.851559	1.809654	3.000000	-1.130973
-0.794296	1.835509	3.000000	-1.162389
-0.736249	1.859553	3.000000	-1.193805
-0.677476	1.881762	3.000000	-1.225221
-0.618034	1.902113	3.000000	-1.256637
-0.557982	1.920587	3.000000	-1.288053
-0.497380	1.937166	3.000000	-1.319469
-0.436286	1.951834	3.000000	-1.350885
-0.374763	1.964575	3.000000	-1.382301
-0.312869	1.975377	3.000000	-1.413717
-0.250666	1.984229	3.000000	-1.445133
-0.188217	1.991124	3.000000	-1.476549
-0.125581	1.996053	3.000000	-1.507964
-0.062822	1.999013	3.000000	-1.539380
0.000000	2.000000	3.000000	-1.570796
0.062822	1.999013	3.000000	-1.602212
0.125581	1.996053	3.000000	-1.633628
0.188217	1.991124	3.000000	-1.665044
0.250666	1.984229	3.000000	-1.696460
0.312869	1.975377	3.000000	-1.727876
0.374763	1.964575	3.000000	-1.759292
0.436286	1.951834	3.000000	-1.790708
0.497380	1.937166	3.000000	-1.822124
0.557982	1.920587	3.000000	-1.853540
0.618034	1.902113	3.000000	-1.884956
0.677476	1.881762	3.000000	-1.916372
0.736249	1.859553	3.000000	-1.947787
0.794296	1.835509	3.000000	-1.979203
0.851559	1.809654	3.000000	-2.010619
0.907981	1.782013	3.000000	-2.042035
0.963507	1.752613	3.000000	-2.073451
1.018083	1.721484	3.000000	-2.104867
1.071654	1.688656	3.000000	-2.136283
1.124167	1.654161	3.000000	-2.167699
1.175571	1.618034	3.000000	-2.199115
1.225814	1.580310	3.000000	-2.230531
1.274848	1.541026	3.000000	-2.261947
1.322624	1.500222	3.000000	-2.293363
1.369094	1.457937	3.000000	-2.324779
1.414214	1.414214	3.000000	-2.356194
1.457937	1.369094	3.000000	-2.387610
1.500222	1.322624	3.000000	-2.419026
1.541026	1.274848	3.000000	-2.450442
1.580310	1.225814	3.000000	-2.481858
1.618034	1.175571	3.000000	-2.513274
1.654161	1.124167	3.000000	-2.544690
1.688656	1.071654	3.000000	-2.576106
1.721484	1.018083	3.000000	-2.607522
1.752613	0.963507	3.000000	-2.638938
1.782013	0.907981	3.000000	-2.670354
1.809654	0.851559	3.000000	-2.701770
1.835509	0.794296	3.000000	-2.733186
1.859553	0.736249	3.000000	-2.764602
1.881762	0.677476	3.000000	-2.796017
1.902113	0.618034	3.000000	-2.827433
1.920587	0.557982	3.000000	-2.858849
1.937166	0.497380	3.000000	-2.890265
1.951834	0.436286	3.000000	-2.921681
1.964575	0.374763	3.000000	-2.953097
1.975377	0.312869	3.000000	-2.984513
1.984229	0.250666	3.000000	-3.015929
1.991124	0.188217	3.000000	-3.047345
1.996053	0.125581	3.000000	-3.078761
1.999013	0.062822	3.000000	-3.110177
2.000000	-0.000000	3.000000	3.141593
1.999013	-0.062822	3.000000	3.110177
1.996053	-0.125581	3.000000	3.078761
1.991124	-0.188217	3.000000	3.047345
1.984229	-0.250666	3.000000	3.015929
1.975377	-0.312869	3.000000	2.984513
1.964575	-0.374763	3.000000	2.953097
1.951834	-0.436286	3.000000	2.921681
1.937166	-0.497380	3.000000	2.890265
1.920587	-0.557982	3.000000	2.858849
1.902113	-0.618034	3.000000	2.827433
1.881762	-0.677476	3.000000	2.796017
1.859553	-0.736249	3.000000	2.764602
1.835509	-0.794296	3.000000	2.733186
1.809654	-0.851559	3.000000	2.701770
1.782013	-0.907981	3.000000	2.670354
1.752613	-0.963507	3.000000	2.638938
1.721484	-1.018083	3.000000	2.607522
1.688656	-1.071654	3.000000	2.576106
1.654161	-1.124167	3.000000	2.544690
1.618034	-1.175571	3.000000	2.513274
1.580310	-1.225814	3.000000	2.481858
1.541026	-1.274848	3.000000	2.450442
1.500222	-1.322624	3.000000	2.419026
1.457937	-1.369094	3.000000	2.387610
1.414214	-1.414214	3.000000	2.356194
1.369094	-1.457937	3.000000	2.324779
1.322624	-1.500222	3.000000	2.293363
1.274848	-1.541026	3.000000	2.261947
1.225814	-1.580310	3.000000	2.230531
1.175571	-1.618034	3.000000	2.199115
1.124167	-1.654161	3.000000	2.167699
1.071654	-1.688656	3.000000	2.136283
1.018083	-1.721484	3.000000	2.104867
0.963507	-1.752613	3.000000	2.073451
0.907981	-1.782013	3.000000	2.042035
0.851559	-1.809654	3.000000	2.010619
0.794296	-1.835509	3.000000	1.979203
0.736249	-1.859553	3.000000	1.947787
0.677476	-1.881762	3.000000	1.916372
0.618034	-1.902113	3.000000	1.884956
0.557982	-1.920587	3.000000	1.853540
0.497380	-1.937166	3.000000	1.822124
0.436286	-1.951834	3.000000	1.790708
0.374763	-1.964575	3.000000	1.759292
0.312869	-1.975377	3.000000	1.727876
0.250666	-1.984229	3.000000	1.696460
0.188217	-1.991124	3.000000	1.665044
0.125581	-1.996053	3.000000	1.633628
0.062822	-1.999013	3.000000	1.602212
0.000000	-2.000000	3.000000	1.570796
-0.062822	-1.999013	3.000000	1.539380
-0.125581	-1.996053	3.000000	1.507964
-0.188217	-1.991124	3.000000	1.476549
-0.250666	-1.984229	3.000000	1.445133
-0.312869	-1.975377	3.000000	1.413717
-0.374763	-1.964575	3.000000	1.382301
-0.436286	-1.951834	3.000000	1.350885
-0.497380	-1.937166	3.000000	1.319469
-0.557982	-1.920587	3.000000	1.288053
-0.618034	-1.902113	3.000000	1.256637
-0.677476	-1.881762	3.000000	1.225221
-0.736249	-1.859553	3.000000	1.193805
-0.794296	-1.835509	3.000000	1.162389
-0.851559	-1.809654	3.000000	1.130973
-0.907981	-1.782013	3.000000	1.099557
-0.963507	-1.752613	3.000000	1.068142
-1.018083	-1.721484	3.000000	1.036726
-1.071654	-1.688656	3.000000	1.005310
-1.124167	-1.654161	3.000000	0.973894
-1.175571	-1.618034	3.000000	0.942478
-1.225814	-1.580310	3.000000	0.911062
-1.274848	-1.541026	3.000000	0.879646
-1.322624	-1.500222	3.000000	0.848230
-1.369094	-1.457937	3.000000	0.816814
-1.414214	-1.414214	3.000000	0.785398
-1.457937	-1.369094	3.000000	0.753982
-1.500222	-1.322624	3.000000	0.722566
-1.541026	-1.274848	3.000000	0.691150
-1.580310	-1.225814	3.000000	0.659734
-1.618034	-1.175571	3.000000	0.628319
-1.654161	-1.124167	3.000000	0.596903
-1.688656	-1.071654	3.000000	0.565487
-1.721484	-1.018083	3.000000	0.534071
-1.752613	-0.963507	3.000000	0.502655
-1.782013	-0.907981	3.000000	0.471239
-1.809654	-0.851559	3.000000	0.439823
-1.835509	-0.794296	3.000000	0.408407
-1.859553	-0.736249	3.000000	0.376991
-1.881762	-0.677476	3.000000	0.345575
-1.902113	-0.618034	3.000000	0.314159
-1.920587	-0.557982	3.000000	0.282743
-1.937166	-0.497380	3.000000	0.251327
-1.951834	-0.436286	3.000000	0.219911
-1.964575	-0.374763	3.000000	0.188496
-1.975377	-0.312869	3.000000	0.157080
-1.984229	-0.250666	3.000000	0.125664
-1.991124	-0.188217	3.000000	0.094248
-1.996053	-0.125581	3.000000	0.062832
-1.999013	-0.062822	3.000000	0.031416
-2.000000	0.000000	3.000000	-0.000000
-1.999013	0.062822	3.000000	-0.031416
-1.996053	0.125581	3.000000	-0.062832
-1.991124	0.188217	3.000000	-0.094248
-1.984229	0.250666	3.000000	-0.125664
-1.975377	0.312869	3.000000	-0.157080
-1.964575	0.374763	3.000000	-0.188496
-1.951834	0.436286	3.000000	-0.219911
-1.937166	0.497380	3.000000	-0.251327
-1.920587	0.557982	3.000000	-0.282743
-1.902113	0.618034	3.000000	-0.314159
-1.881762	0.677476	3.000000	-0.345575
-1.859553	0.736249	3.000000	-0.376991
-1.835509	0.794296	3.000000	-0.408407
-1.809654	0.851559	3.000000	-0.439823
-1.782013	0.907981	3.000000	-0.471239
-1.752613	0.963507	3.000000	-0.502655
-1.721484	1.018083	3.000000	-0.534071
-1.688656	1.071654	3.000000	-0.565487
-1.654161	1.124167	3.000000	-0.596903
-1.618034	1.175571	3.000000	-0.628319
-1.580310	1.225814	3.000000	-0.659734
-1.541026	1.274848	3.000000	-0.691150
-1.500222	1.322624	3.000000	-0.722566
-1.457937	1.369094	3.000000	-0.753982
-1.414214	1.414214	3.000000	-0.785398
-1.369094	1.457937	3.000000	-0.816814
-1.322624	1.500222	3.000000	-0.848230
-1.274848	1.541026	3.000000	-0.879646
-1.225814	1.580310	3.000000	-0.911062
-1.175571	1.618034	3.000000	-0.942478
-1.124167	1.654161	3.000000	-0.973894
-1.071654	1.688656	3.000000	-1.005310
-1.018083	1.721484	3.000000	-1.036726
-0.963507	1.752613	3.000000	-1.068142
-0.907981	1.782013	3.000000	-1.099557
-0.851559	1.809654	3.000000	-1.130973
-0.794296	1.835509	3.000000	-1.162389
-0.736249	1.859553	3.000000	-1.193805
-0.677476	1.881762	3.000000	-1.225221
-0.618034	1.902113	3.000000	-1.256637
-0.557982	1.920587	3.000000	-1.288053
-0.497380	1.937166	3.000000	-1.319469
-0.436286	1.951834	3.000000	-1.350885
-0.374763	1.964575	3.000000	-1.382301
-0.312869	1.975377	3.000000	-1.413717
-0.250666	1.984229	3.000000	-1.445133
-0.188217	1.991124	3.000000	-1.476549
-0.125581	1.996053	3.000000	-1.507964
-0.062822	1.999013	3.000000	-1.539380
0.000000	2.000000	3.000000	-1.570796
0.062822	1.999013	3.000000	-1.602212
0.125581	1.996053	3.000000	-1.633628
0.188217	1.991124	3.000000	-1.665044
0.250666	1.984229	3.000000	-1.696460
0.312869	1.975377	3.000000	-1.727876
0.374763	1.964575	3.000000	-1.759292
0.436286	1.951834	3.000000	-1.790708
0.497380	1.937166	3.000000	-1.822124
0.557982	1.920587	3.000000	-1.853540
0.618034	1.902113	3.000000	-1.884956
0.677476	1.881762	3.000000	-1.916372
0.736249	1.859553	3.000000	-1.947787
0.794296	1.835509	3.000000	-1.979203
0.851559	1.809654	3.000000	-2.010619
0.907981	1.782013	3.000000	-2.042035
0.963507	1.752613	3.000000	-2.073451
1.018083	1.721484	3.000000	-2.104867
1.071654	1.688656	3.000000	-2.136283
1.124167	1.654161	3.000000	-2.167699
1.175571	1.618034	3.000000	-2.199115
1.225814	1.580310	3.000000	-2.230531
1.274848	1.541026	3.000000	-2.261947
1.322624	1.500222	3.000000	-2.293363
1.369094	1.457937	3.000000	-2.324779
1.414214	1.414214	3.000000	-2.356194
1.457937	1.369094	3.000000	-2.387610
1.500222	1.322624	3.000000	-2.419026
1.541026	1.274848	3.000000	-2.450442
1.580310	1.225814	3.000000	-2.481858
1.618034	1.175571	3.000000	-2.513274
1.654161	1.124167	3.000000	-2.544690
1.688656	1.071654	3.000000	-2.576106
1.721484	1.018083	3.000000	-2.607522
1.752613	0.963507	3.000000	-2.638938
1.782013	0.907981	3.000000	-2.670354
1.809654	0.851559	3.000000	-2.701770
1.835509	0.794296	3.000000	-2.733186
1.859553	0.736249	3.000000	-2.764602
1.881762	0.677476	3.000000	-2.796017
1.902113	0.618034	3.000000	-2.827433
1.920587	0.557982	3.000000	-2.858849
1.937166	0.497380	3.000000	-2.890265
1.951834	0.436286	3.000000	-2.921681
1.964575	0.374763	3.000000	-2.953097
1.975377	0.312869	3.000000	-2.984513
1.984229	0.250666	3.000000	-3.015929
1.991124	0.188217	3.000000	-3.047345
1.996053	0.125581	3.000000	-3.078761
1.999013	0.062822	3.000000	-3.110177
2.000000	-0.000000	3.000000	3.141593
1.999013	-0.062822	3.000000	3.110177
1.996053	-0.125581	3.000000	3.078761
1.991124	-0.188217	3.000000	3.047345
1.984229	-0.250666	3.000000	3.015929
1.975377	-0.312869	3.000000	2.984513
1.964575	-0.374763	3.000000	2.953097
1.951834	-0.436286	3.000000	2.921681
1.937166	-0.497380	3.000000	2.890265
1.920587	-0.557982	3.000000	2.858849
1.902113	-0.618034	3.000000	2.827433
1.881762	-0.677476	3.000000	2.796017
1.859553	-0.736249	3.000000	2.764602
1.835509	-0.794296	3.000000	2.733186
1.809654	-0.851559	3.000000	2.701770
1.782013	-0.907981	3.000000	2.670354
1.752613	-0.963507	3.000000	2.638938
1.721484	-1.018083	3.000000	2.607522
1.688656	-1.071654	3.000000	2.576106
1.654161	-1.124167	3.000000	2.544690
1.618034	-1.175571	3.000000	2.513274
1.580310	-1.225814	3.000000	2.481858
1.541026	-1.274848	3.000000	2.450442
1.500222	-1.322624	3.000000	2.419026
1.457937	-1.369094	3.000000	2.387610
1.414214	-1.414214	3.000000	2.356194
1.369094	-1.457937	3.000000	2.324779
1.322624	-1.500222	3.000000	2.293363
1.274848	-1.541026	3.000000	2.261947
1.225814	-1.580310	3.000000	2.230531
1.175571	-1.618034	3.000000	2.199115
1.124167	-1.654161	3.000000	2.167699
1.071654	-1.688656	3.000000	2.136283
1.018083	-1.721484	3.000000	2.104867
0.963507	-1.752613	3.000000	2.073451
0.907981	-1.782013	3.000000	2.042035
0.851559	-1.809654	3.000000	2.010619
0.794296	-1.835509	3.000000	1.979203
0.736249	-1.859553	3.000000	1.947787
0.677476	-1.881762	3.000000	1.916372
0.618034	-1.902113	3.000000	1.884956
0.557982	-1.920587	3.000000	1.853540
0.497380	-1.937166	3.000000	1.822124
0.436286	-1.951834	3.000000	1.790708
0.374763	-1.964575	3.000000	1.759292
0.312869	-1.975377	3.000000	1.727876
0.250666	-1.984229	3.000000	1.696460
0.188217	-1.991124	3.000000	1.665044
0.125581	-1.996053	3.000000	1.633628
0.062822	-1.999013	3.000000	1.602212
