control	0
yaw_angle	1
cmd_type	0
pose_x	pose_y	pose_z	heading
0.000000	5.000000	0.000000	2.356194
0.000000	5.000000	3.000000	2.356194
0.112798	4.890691	3.000000	2.387610
0.228975	4.784979	3.000000	2.419026
0.348414	4.682968	3.000000	2.450442
0.470999	4.584759	3.000000	2.481858
0.596608	4.490449	3.000000	2.513274
0.725117	4.400131	3.000000	2.544690
0.856400	4.313894	3.000000	2.576106
0.990327	4.231824	3.000000	2.607522
1.126766	4.154001	3.000000	2.638938
1.265581	4.080501	3.000000	2.670354
1.406637	4.011399	3.000000	2.701770
1.549794	3.946761	3.000000	2.733186
1.694911	3.886651	3.000000	2.764602
1.841844	3.831130	3.000000	2.796017
1.990449	3.780251	3.000000	2.827433
2.140578	3.734065	3.000000	2.858849
2.292084	3.692618	3.000000	2.890265
2.444818	3.655950	3.000000	2.921681
2.598627	3.624098	3.000000	2.953097
2.753362	3.597092	3.000000	2.984513
2.908868	3.574960	3.000000	3.015929
3.064992	3.557724	3.000000	3.047345
3.221581	3.545400	3.000000	3.078761
3.378480	3.538001	3.000000	3.110177
3.535534	3.535534	3.000000	-3.141593
3.692588	3.538001	3.000000	-3.110177
3.849487	3.545400	3.000000	-3.078761
4.006075	3.557724	3.000000	-3.047345
4.162200	3.574960	3.000000	-3.015929
4.317706	3.597092	3.000000	-2.984513
4.472440	3.624098	3.000000	-2.953097
4.626250	3.655950	3.000000	-2.921681
4.778983	3.692618	3.000000	-2.890265
4.930489	3.734065	3.000000	-2.858849
5.080619	3.780251	3.000000	-2.827433
5.229224	3.831130	3.000000	-2.796017
5.376157	3.886651	3.000000	-2.764602
5.521273	3.946761	3.000000	-2.733186
5.664430	4.011399	3.000000	-2.701770
5.805486	4.080501	3.000000	-2.670354
5.944302	4.154001	3.000000	-2.638938
6.080741	4.231824	3.000000	-2.607522
6.214668	4.313894	3.000000	-2.576106
6.345951	4.400131	3.000000	-2.544690
6.474460	4.490449	3.000000	-2.513274
6.600069	4.584759	3.000000	-2.481858
6.722654	4.682968	3.000000	-2.450442
6.842093	4.784979	3.000000	-2.419026
6.958269	4.890691	3.000000	-2.387610
7.071068	5.000000	3.000000	-2.356194
7.180377	5.112798	3.000000	-2.324779
7.286089	5.228975	3.000000	-2.293363
7.388100	5.348414	3.000000	-2.261947
7.486309	5.470999	3.000000	-2.230531
7.580619	5.596608	3.000000	-2.199115
7.670937	5.725117	3.000000	-2.167699
7.757174	5.856400	3.000000	-2.136283
7.839244	5.990327	3.000000	-2.104867
7.917067	6.126766	3.000000	-2.073451
7.990567	6.265581	3.000000	-2.042035
8.059669	6.406637	3.000000	-2.010619
8.124307	6.549794	3.000000	-1.979203
8.184416	6.694911	3.000000	-1.947787
8.239938	6.841844	3.000000	-1.916372
8.290816	6.990449	3.000000	-1.884956
8.337002	7.140578	3.000000	-1.853540
8.378450	7.292084	3.000000	-1.822124
8.415118	7.444818	3.000000	-1.790708
8.446970	7.598627	3.000000	-1.759292
8.473976	7.753362	3.000000	-1.727876
8.496107	7.908868	3.000000	-1.696460
8.513344	8.064992	3.000000	-1.665044
8.525668	8.221581	3.000000	-1.633628
8.533067	8.378480	3.000000	-1.602212
8.535534	8.535534	3.000000	-1.570796
8.533067	8.692588	3.000000	-1.539380
8.525668	8.849487	3.000000	-1.507964
8.513344	9.006075	3.000000	-1.476549
8.496107	9.162200	3.000000	-1.445133
8.473976	9.317706	3.000000	-1.413717
8.446970	9.472440	3.000000	-1.382301
8.415118	9.626250	3.000000	-1.350885
8.378450	9.778983	3.000000	-1.319469
8.337002	9.930489	3.000000	-1.288053
8.290816	10.080619	3.000000	-1.256637
8.239938	10.229224	3.000000	-1.225221
8.184416	10.376157	3.000000	-1.193805
8.124307	10.521273	3.000000	-1.162389
8.059669	10.664430	3.000000	-1.130973
7.990567	10.805486	3.000000	-1.099557
7.917067	10.944302	3.000000	-1.068142
7.839244	11.080741	3.000000	-1.036726
7.757174	11.214668	3.000000	-1.005310
7.670937	11.345951	3.000000	-0.973894
7.580619	11.474460	3.000000	-0.942478
7.486309	11.600069	3.000000	-0.911062
7.388100	11.722654	3.000000	-0.879646
7.286089	11.842093	3.000000	-0.848230
7.180377	11.958269	3.000000	-0.816814
7.071068	12.071068	3.000000	-0.785398
6.958269	12.180377	3.000000	-0.753982
6.842093	12.286089	3.000000	-0.722566
6.722654	12.388100	3.000000	-0.691150
6.600069	12.486309	3.000000	-0.659734
6.474460	12.580619	3.000000	-0.628319
6.345951	12.670937	3.000000	-0.596903
6.214668	12.757174	3.000000	-0.565487
6.080741	12.839244	3.000000	-0.534071
5.944302	12.917067	3.000000	-0.502655
5.805486	12.990567	3.000000	-0.471239
5.664430	13.059669	3.000000	-0.439823
5.521273	13.124307	3.000000	-0.408407
5.376157	13.184416	3.000000	-0.376991
5.229224	13.239938	3.000000	-0.345575
5.080619	13.290816	3.000000	-0.314159
4.930489	13.337002	3.000000	-0.282743
4.778983	13.378450	3.000000	-0.251327
4.626250	13.415118	3.000000	-0.219911
4.472440	13.446970	3.000000	-0.188496
4.317706	13.473976	3.000000	-0.157080
4.162200	13.496107	3.000000	-0.125664
4.006075	13.513344	3.000000	-0.094248
3.849487	13.525668	3.000000	-0.062832
3.692588	13.533067	3.000000	-0.031416
3.535534	13.535534	3.000000	0.000000
3.378480	13.533067	3.000000	0.031416
3.221581	13.525668	3.000000	0.062832
3.064992	13.513344	3.000000	0.094248
2.908868	13.496107	3.000000	0.125664
2.753362	13.473976	3.000000	0.157080
2.598627	13.446970	3.000000	0.188496
2.444818	13.415118	3.000000	0.219911
2.292084	13.378450	3.000000	0.251327
2.140578	13.337002	3.000000	0.282743
1.990449	13.290816	3.000000	0.314159
1.841844	13.239938	3.000000	0.345575
1.694911	13.184416	3.000000	0.376991
1.549794	13.124307	3.000000	0.408407
1.406637	13.059669	3.000000	0.439823
1.265581	12.990567	3.000000	0.471239
1.126766	12.917067	3.000000	0.502655
0.990327	12.839244	3.000000	0.534071
0.856400	12.757174	3.000000	0.565487
0.725117	12.670937	3.000000	0.596903
0.596608	12.580619	3.000000	0.628319
0.470999	12.486309	3.000000	0.659734
0.348414	12.388100	3.000000	0.691150
0.228975	12.286089	3.000000	0.722566
0.112798	12.180377	3.000000	0.753982
-0.000000	12.071068	3.000000	0.785398
-0.109309	11.958269	3.000000	0.816814
-0.215021	11.842093	3.000000	0.848230
-0.317032	11.722654	3.000000	0.879646
-0.415241	11.600069	3.000000	0.911062
-0.509551	11.474460	3.000000	0.942478
-0.599869	11.345951	3.000000	0.973894
-0.686106	11.214668	3.000000	1.005310
-0.768176	11.080741	3.000000	1.036726
-0.845999	10.944302	3.000000	1.068142
-0.919499	10.805486	3.000000	1.099557
-0.988601	10.664430	3.000000	1.130973
-1.053239	10.521273	3.000000	1.162389
-1.113349	10.376157	3.000000	1.193805
-1.168870	10.229224	3.000000	1.225221
-1.219749	10.080619	3.000000	1.256637
-1.265935	9.930489	3.000000	1.288053
-1.307382	9.778983	3.000000	1.319469
-1.344050	9.626250	3.000000	1.350885
-1.375902	9.472440	3.000000	1.382301
-1.402908	9.317706	3.000000	1.413717
-1.425040	9.162200	3.000000	1.445133
-1.442276	9.006075	3.000000	1.476549
-1.454600	8.849487	3.000000	1.507964
-1.461999	8.692588	3.000000	1.539380
-1.464466	8.535534	3.000000	1.570796
-1.461999	8.378480	3.000000	1.602212
-1.454600	8.221581	3.000000	1.633628
-1.442276	8.064992	3.000000	1.665044
-1.425040	7.908868	3.000000	1.696460
-1.402908	7.753362	3.000000	1.727876
-1.375902	7.598627	3.000000	1.759292
-1.344050	7.444818	3.000000	1.790708
-1.307382	7.292084	3.000000	1.822124
-1.265935	7.140578	3.000000	1.853540
-1.219749	6.990449	3.000000	1.884956
-1.168870	6.841844	3.000000	1.916372
-1.113349	6.694911	3.000000	1.947787
-1.053239	6.549794	3.000000	1.979203
-0.988601	6.406637	3.000000	2.010619
-0.919499	6.265581	3.000000	2.042035
-0.845999	6.126766	3.000000	2.073451
-0.768176	5.990327	3.000000	2.104867
-0.686106	5.856400	3.000000	2.136283
-0.599869	5.725117	3.000000	2.167699
-0.509551	5.596608	3.000000	2.199115
-0.415241	5.470999	3.000000	2.230531
-0.317032	5.348414	3.000000	2.261947
-0.215021	5.228975	3.000000	2.293363
-0.109309	5.112798	3.000000	2.324779
0.000000	5.000000	3.000000	2.356194
0.112798	4.890691	3.000000	2.387610
0.228975	4.784979	3.000000	2.419026
0.348414	4.682968	3.000000	2.450442
0.470999	4.584759	3.000000	2.481858
0.596608	4.490449	3.000000	2.513274
0.725117	4.400131	3.000000	2.544690
0.856400	4.313894	3.000000	2.576106
0.990327	4.231824	3.000000	2.607522
1.126766	4.154001	3.000000	2.638938
1.265581	4.080501	3.000000	2.670354
1.406637	4.011399	3.000000	2.701770
1.549794	3.946761	3.000000	2.733186
1.694911	3.886651	3.000000	2.764602
1.841844	3.831130	3.000000	2.796017
1.990449	3.780251	3.000000	2.827433
2.140578	3.734065	3.000000	2.858849
2.292084	3.692618	3.000000	2.890265
2.444818	3.655950	3.000000	2.921681
2.598627	3.624098	3.000000	2.953097
2.753362	3.597092	3.000000	2.984513
2.908868	3.574960	3.000000	3.015929
3.064992	3.557724	3.000000	3.047345
3.221581	3.545400	3.000000	3.078761
3.378480	3.538001	3.000000	3.110177
3.535534	3.535534	3.000000	-3.141593
3.692588	3.538001	3.000000	-3.110177
3.849487	3.545400	3.000000	-3.078761
4.006075	3.557724	3.000000	-3.047345
4.162200	3.574960	3.000000	-3.015929
4.317706	3.597092	3.000000	-2.984513
4.472440	3.624098	3.000000	-2.953097
4.626250	3.655950	3.000000	-2.921681
4.778983	3.692618	3.000000	-2.890265
4.930489	3.734065	3.000000	-2.858849
5.080619	3.780251	3.000000	-2.827433
5.229224	3.831130	3.000000	-2.796017
5.376157	3.886651	3.000000	-2.764602
5.521273	3.946761	3.000000	-2.733186
5.664430	4.011399	3.000000	-2.701770
5.805486	4.080501	3.000000	-2.670354
5.944302	4.154001	3.000000	-2.638938
6.080741	4.231824	3.000000	-2.607522
6.214668	4.313894	3.000000	-2.576106
6.345951	4.400131	3.000000	-2.544690
6.474460	4.490449	3.000000	-2.513274
6.600069	4.584759	3.000000	-2.481858
6.722654	4.682968	3.000000	-2.450442
6.842093	4.784979	3.000000	-2.419026
6.958269	4.890691	3.000000	-2.387610
7.071068	5.000000	3.000000	-2.356194
7.180377	5.112798	3.000000	-2.324779
7.286089	5.228975	3.000000	-2.293363
7.388100	5.348414	3.000000	-2.261947
7.486309	5.470999	3.000000	-2.230531
7.580619	5.596608	3.000000	-2.199115
7.670937	5.725117	3.000000	-2.167699
7.757174	5.856400	3.000000	-2.136283
7.839244	5.990327	3.000000	-2.104867
7.917067	6.126766	3.000000	-2.073451
7.990567	6.265581	3.000000	-2.042035
8.059669	6.406637	3.000000	-2.010619
8.124307	6.549794	3.000000	-1.979203
8.184416	6.694911	3.000000	-1.947787
8.239938	6.841844	3.000000	-1.916372
8.290816	6.990449	3.000000	-1.884956
8.337002	7.140578	3.000000	-1.853540
8.378450	7.292084	3.000000	-1.822124
8.415118	7.444818	3.000000	-1.790708
8.446970	7.598627	3.000000	-1.759292
8.473976	7.753362	3.000000	-1.727876
8.496107	7.908868	3.000000	-1.696460
8.513344	8.064992	3.000000	-1.665044
8.525668	8.221581	3.000000	-1.633628
8.533067	8.378480	3.000000	-1.602212
8.535534	8.535534	3.000000	-1.570796
8.533067	8.692588	3.000000	-1.539380
8.525668	8.849487	3.000000	-1.507964
8.513344	9.006075	3.000000	-1.476549
8.496107	9.162200	3.000000	-1.445133
8.473976	9.317706	3.000000	-1.413717
8.446970	9.472440	3.000000	-1.382301
8.415118	9.626250	3.000000	-1.350885
8.378450	9.778983	3.000000	-1.319469
8.337002	9.930489	3.000000	-1.288053
8.290816	10.080619	3.000000	-1.256637
8.239938	10.229224	3.000000	-1.225221
8.184416	10.376157	3.000000	-1.193805
8.124307	10.521273	3.000000	-1.162389
8.059669	10.664430	3.000000	-1.130973
7.990567	10.805486	3.000000	-1.099557
7.917067	10.944302	3.000000	-1.068142
7.839244	11.080741	3.000000	-1.036726
7.757174	11.214668	3.000000	-1.005310
7.670937	11.345951	3.000000	-0.973894
7.580619	11.474460	3.000000	-0.942478
7.486309	11.600069	3.000000	-0.911062
7.388100	11.722654	3.000000	-0.879646
7.286089	11.842093	3.000000	-0.848230
7.180377	11.958269	3.000000	-0.816814
7.071068	12.071068	3.000000	-0.785398
6.958269	12.180377	3.000000	-0.753982
6.842093	12.286089	3.000000	-0.722566
6.722654	12.388100	3.000000	-0.691150
6.600069	12.486309	3.000000	-0.659734
6.474460	12.580619	3.000000	-0.628319
6.345951	12.670937	3.000000	-0.596903
6.214668	12.757174	3.000000	-0.565487
6.080741	12.839244	3.000000	-0.534071
5.944302	12.917067	3.000000	-0.502655
5.805486	12.990567	3.000000	-0.471239
5.664430	13.059669	3.000000	-0.439823
5.521273	13.124307	3.000000	-0.408407
5.376157	13.184416	3.000000	-0.376991
5.229224	13.239938	3.000000	-0.345575
5.080619	13.290816	3.000000	-0.314159
4.930489	13.337002	3.000000	-0.282743
4.778983	13.378450	3.000000	-0.251327
4.626250	13.415118	3.000000	-0.219911
4.472440	13.446970	3.000000	-0.188496
4.317706	13.473976	3.000000	-0.157080
4.162200	13.496107	3.000000	-0.125664
4.006075	13.513344	3.000000	-0.094248
3.849487	13.525668	3.000000	-0.062832
3.692588	13.533067	3.000000	-0.031416
3.535534	13.535534	3.000000	0.000000
3.378480	13.533067	3.000000	0.031416
3.221581	13.525668	3.000000	0.062832
3.064992	13.513344	3.000000	0.094248
2.908868	13.496107	3.000000	0.125664
2.753362	13.473976	3.000000	0.157080
2.598627	13.446970	3.000000	0.188496
2.444818	13.415118	3.000000	0.219911
2.292084	13.378450	3.000000	0.251327
2.140578	13.337002	3.000000	0.282743
1.990449	13.290816	3.000000	0.314159
1.841844	13.239938	3.000000	0.345575
1.694911	13.184416	3.000000	0.376991
1.549794	13.124307	3.000000	0.408407
1.406637	13.059669	3.000000	0.439823
1.265581	12.990567	3.000000	0.471239
1.126766	12.917067	3.000000	0.502655
0.990327	12.839244	3.000000	0.534071
0.856400	12.757174	3.000000	0.565487
0.725117	12.670937	3.000000	0.596903
0.596608	12.580619	3.000000	0.628319
0.470999	12.486309	3.000000	0.659734
0.348414	12.388100	3.000000	0.691150
0.228975	12.286089	3.000000	0.722566
0.112798	12.180377	3.000000	0.753982
-0.000000	12.071068	3.000000	0.785398
-0.109309	11.958269	3.000000	0.816814
-0.215021	11.842093	3.000000	0.848230
-0.317032	11.722654	3.000000	0.879646
-0.415241	11.600069	3.000000	0.911062
-0.509551	11.474460	3.000000	0.942478
-0.599869	11.345951	3.000000	0.973894
-0.686106	11.214668	3.000000	1.005310
-0.768176	11.080741	3.000000	1.036726
-0.845999	10.944302	3.000000	1.068142
-0.919499	10.805486	3.000000	1.099557
-0.988601	10.664430	3.000000	1.130973
-1.053239	10.521273	3.000000	1.162389
-1.113349	10.376157	3.000000	1.193805
-1.168870	10.229224	3.000000	1.225221
-1.219749	10.080619	3.000000	1.256637
-1.265935	9.930489	3.000000	1.288053
-1.307382	9.778983	3.000000	1.319469
-1.344050	9.626250	3.000000	1.350885
-1.375902	9.472440	3.000000	1.382301
-1.402908	9.317706	3.000000	1.413717
-1.425040	9.162200	3.000000	1.445133
-1.442276	9.006075	3.000000	1.476549
-1.454600	8.849487	3.000000	1.507964
-1.461999	8.692588	3.000000	1.539380
-1.464466	8.535534	3.000000	1.570796
-1.461999	8.378480	3.000000	1.602212
-1.454600	8.221581	3.000000	1.633628
-1.442276	8.064992	3.000000	1.665044
-1.425040	7.908868	3.000000	1.696460
-1.402908	7.753362	3.000000	1.727876
-1.375902	7.598627	3.000000	1.759292
-1.344050	7.444818	3.000000	1.790708
-1.307382	7.292084	3.000000	1.822124
-1.265935	7.140578	3.000000	1.853540
-1.219749	6.990449	3.000000	1.884956
-1.168870	6.841844	3.000000	1.916372
-1.113349	6.694911	3.000000	1.947787
-1.053239	6.549794	3.000000	1.979203
-0.988601	6.406637	3.000000	2.010619
-0.919499	6.265581	3.000000	2.042035
-0.845999	6.126766	3.000000	2.073451
-0.768176	5.990327	3.000000	2.104867
-0.686106	5.856400	3.000000	2.136283
-0.599869	5.725117	3.000000	2.167699
-0.509551	5.596608	3.000000	2.199115
-0.415241	5.470999	3.000000	2.230531
-0.317032	5.348414	3.000000	2.261947
-0.215021	5.228975	3.000000	2.293363
-0.109309	5.112798	3.000000	2.324779
0.000000	5.000000	3.000000	2.356194
0.112798	4.890691	3.000000	2.387610
0.228975	4.784979	3.000000	2.419026
0.348414	4.682968	3.000000	2.450442
0.470999	4.584759	3.000000	2.481858
0.596608	4.490449	3.000000	2.513274
0.725117	4.400131	3.000000	2.544690
0.856400	4.313894	3.000000	2.576106
0.990327	4.231824	3.000000	2.607522
1.126766	4.154001	3.000000	2.638938
1.265581	4.080501	3.000000	2.670354
1.406637	4.011399	3.000000	2.701770
1.549794	3.946761	3.000000	2.733186
1.694911	3.886651	3.000000	2.764602
1.841844	3.831130	3.000000	2.796017
1.990449	3.780251	3.000000	2.827433
2.140578	3.734065	3.000000	2.858849
2.292084	3.692618	3.000000	2.890265
2.444818	3.655950	3.000000	2.921681
2.598627	3.624098	3.000000	2.953097
2.753362	3.597092	3.000000	2.984513
2.908868	3.574960	3.000000	3.015929
3.064992	3.557724	3.000000	3.047345
3.221581	3.545400	3.000000	3.078761
3.378480	3.538001	3.000000	3.110177
3.535534	3.535534	3.000000	-3.141593
3.692588	3.538001	3.000000	-3.110177
3.849487	3.545400	3.000000	-3.078761
4.006075	3.557724	3.000000	-3.047345
4.162200	3.574960	3.000000	-3.015929
4.317706	3.597092	3.000000	-2.984513
4.472440	3.624098	3.000000	-2.953097
4.626250	3.655950	3.000000	-2.921681
4.778983	3.692618	3.000000	-2.890265
4.930489	3.734065	3.000000	-2.858849
5.080619	3.780251	3.000000	-2.827433
5.229224	3.831130	3.000000	-2.796017
5.376157	3.886651	3.000000	-2.764602
5.521273	3.946761	3.000000	-2.733186
5.664430	4.011399	3.000000	-2.701770
5.805486	4.080501	3.000000	-2.670354
5.944302	4.154001	3.000000	-2.638938
6.080741	4.231824	3.000000	-2.607522
6.214668	4.313894	3.000000	-2.576106
6.345951	4.400131	3.000000	-2.544690
6.474460	4.490449	3.000000	-2.513274
6.600069	4.584759	3.000000	-2.481858
6.722654	4.682968	3.000000	-2.450442
6.842093	4.784979	3.000000	-2.419026
6.958269	4.890691	3.000000	-2.387610
7.071068	5.000000	3.000000	-2.356194
7.180377	5.112798	3.000000	-2.324779
7.286089	5.228975	3.000000	-2.293363
7.388100	5.348414	3.000000	-2.261947
7.486309	5.470999	3.000000	-2.230531
7.580619	5.596608	3.000000	-2.199115
7.670937	5.725117	3.000000	-2.167699
7.757174	5.856400	3.000000	-2.136283
7.839244	5.990327	3.000000	-2.104867
7.917067	6.126766	3.000000	-2.073451
7.990567	6.265581	3.000000	-2.042035
8.059669	6.406637	3.000000	-2.010619
8.124307	6.549794	3.000000	-1.979203
8.184416	6.694911	3.000000	-1.947787
8.239938	6.841844	3.000000	-1.916372
8.290816	6.990449	3.000000	-1.884956
8.337002	7.140578	3.000000	-1.853540
8.378450	7.292084	3.000000	-1.822124
8.415118	7.444818	3.000000	-1.790708
8.446970	7.598627	3.000000	-1.759292
8.473976	7.753362	3.000000	-1.727876
8.496107	7.908868	3.000000	-1.696460
8.513344	8.064992	3.000000	-1.665044
8.525668	8.221581	3.000000	-1.633628
8.533067	8.378480	3.000000	-1.602212
8.535534	8.535534	3.000000	-1.570796
8.533067	8.692588	3.000000	-1.539380
8.525668	8.849487	3.000000	-1.507964
8.513344	9.006075	3.000000	-1.476549
8.496107	9.162200	3.000000	-1.445133
8.473976	9.317706	3.000000	-1.413717
8.446970	9.472440	3.000000	-1.382301
8.415118	9.626250	3.000000	-1.350885
8.378450	9.778983	3.000000	-1.319469
8.337002	9.930489	3.000000	-1.288053
8.290816	10.080619	3.000000	-1.256637
8.239938	10.229224	3.000000	-1.225221
8.184416	10.376157	3.000000	-1.193805
8.124307	10.521273	3.000000	-1.162389
8.059669	10.664430	3.000000	-1.130973
7.990567	10.805486	3.000000	-1.099557
7.917067	10.944302	3.000000	-1.068142
7.839244	11.080741	3.000000	-1.036726
7.757174	11.214668	3.000000	-1.005310
7.670937	11.345951	3.000000	-0.973894
7.580619	11.474460	3.000000	-0.942478
7.486309	11.600069	3.000000	-0.911062
7.388100	11.722654	3.000000	-0.879646
7.286089	11.842093	3.000000	-0.848230
7.180377	11.958269	3.000000	-0.816814
7.071068	12.071068	3.000000	-0.785398
6.958269	12.180377	3.000000	-0.753982
6.842093	12.286089	3.000000	-0.722566
6.722654	12.388100	3.000000	-0.691150
6.600069	12.486309	3.000000	-0.659734
6.474460	12.580619	3.000000	-0.628319
6.345951	12.670937	3.000000	-0.596903
6.214668	12.757174	3.000000	-0.565487
6.080741	12.839244	3.000000	-0.534071
5.944302	12.917067	3.000000	-0.502655
5.805486	12.990567	3.000000	-0.471239
5.664430	13.059669	3.000000	-0.439823
5.521273	13.124307	3.000000	-0.408407
5.376157	13.184416	3.000000	-0.376991
5.229224	13.239938	3.000000	-0.345575
5.080619	13.290816	3.000000	-0.314159
4.930489	13.337002	3.000000	-0.282743
4.778983	13.378450	3.000000	-0.251327
4.626250	13.415118	3.000000	-0.219911
4.472440	13.446970	3.000000	-0.188496
4.317706	13.473976	3.000000	-0.157080
4.162200	13.496107	3.000000	-0.125664
4.006075	13.513344	3.000000	-0.094248
3.849487	13.525668	3.000000	-0.062832
3.692588	13.533067	3.000000	-0.031416
3.535534	13.535534	3.000000	0.000000
3.378480	13.533067	3.000000	0.031416
3.221581	13.525668	3.000000	0.062832
3.064992	13.513344	3.000000	0.094248
2.908868	13.496107	3.000000	0.125664
2.753362	13.473976	3.000000	0.157080
2.598627	13.446970	3.000000	0.188496
2.444818	13.415118	3.000000	0.219911
2.292084	13.378450	3.000000	0.251327
2.140578	13.337002	3.000000	0.282743
1.990449	13.290816	3.000000	0.314159
1.841844	13.239938	3.000000	0.345575
1.694911	13.184416	3.000000	0.376991
1.549794	13.124307	3.000000	0.408407
1.406637	13.059669	3.000000	0.439823
1.265581	12.990567	3.000000	0.471239
1.126766	12.917067	3.000000	0.502655
0.990327	12.839244	3.000000	0.534071
0.856400	12.757174	3.000000	0.565487
0.725117	12.670937	3.000000	0.596903
0.596608	12.580619	3.000000	0.628319
0.470999	12.486309	3.000000	0.659734
0.348414	12.388100	3.000000	0.691150
0.228975	12.286089	3.000000	0.722566
0.112798	12.180377	3.000000	0.753982
-0.000000	12.071068	3.000000	0.785398
-0.109309	11.958269	3.000000	0.816814
-0.215021	11.842093	3.000000	0.848230
-0.317032	11.722654	3.000000	0.879646
-0.415241	11.600069	3.000000	0.911062
-0.509551	11.474460	3.000000	0.942478
-0.599869	11.345951	3.000000	0.973894
-0.686106	11.214668	3.000000	1.005310
-0.768176	11.080741	3.000000	1.036726
-0.845999	10.944302	3.000000	1.068142
-0.919499	10.805486	3.000000	1.099557
-0.988601	10.664430	3.000000	1.130973
-1.053239	10.521273	3.000000	1.162389
-1.113349	10.376157	3.000000	1.193805
-1.168870	10.229224	3.000000	1.225221
-1.219749	10.080619	3.000000	1.256637
-1.265935	9.930489	3.000000	1.288053
-1.307382	9.778983	3.000000	1.319469
-1.344050	9.626250	3.000000	1.350885
-1.375902	9.472440	3.000000	1.382301
-1.402908	9.317706	3.000000	1.413717
-1.425040	9.162200	3.000000	1.445133
-1.442276	9.006075	3.000000	1.476549
-1.454600	8.849487	3.000000	1.507964
-1.461999	8.692588	3.000000	1.539380
-1.464466	8.535534	3.000000	1.570796
-1.461999	8.378480	3.000000	1.602212
-1.454600	8.221581	3.000000	1.633628
-1.442276	8.064992	3.000000	1.665044
-1.425040	7.908868	3.000000	1.696460
-1.402908	7.753362	3.000000	1.727876
-1.375902	7.598627	3.000000	1.759292
-1.344050	7.444818	3.000000	1.790708
-1.307382	7.292084	3.000000	1.822124
-1.265935	7.140578	3.000000	1.853540
-1.219749	6.990449	3.000000	1.884956
-1.168870	6.841844	3.000000	1.916372
-1.113349	6.694911	3.000000	1.947787
-1.053239	6.549794	3.000000	1.979203
-0.988601	6.406637	3.000000	2.010619
-0.919499	6.265581	3.000000	2.042035
-0.845999	6.126766	3.000000	2.073451
-0.768176	5.990327	3.000000	2.104867
-0.686106	5.856400	3.000000	2.136283
-0.599869	5.725117	3.000000	2.167699
-0.509551	5.596608	3.000000	2.199115
-0.415241	5.470999	3.000000	2.230531
-0.317032	5.348414	3.000000	2.261947
-0.215021	5.228975	3.000000	2.293363
-0.109309	5.112798	3.000000	2.324779
