control	0
yaw_angle	1
cmd_type	0
pose_x	pose_y	pose_z	heading
0.000000	0.000000	0.000000	0.000000
0.000000	0.000000	3.012000	0.000000
-0.111109	-0.111054	3.024000	0.000000
-0.222437	-0.221998	3.036000	0.000000
-0.334203	-0.332720	3.048000	0.000000
-0.446628	-0.443106	3.060000	0.000000
-0.559931	-0.553037	3.072000	0.000000
-0.674331	-0.662387	3.084000	0.000000
-0.790051	-0.771024	3.096000	0.000000
-0.907309	-0.878804	3.108000	0.000000
-1.026325	-0.985573	3.120000	0.000000
-1.147320	-1.091166	3.132000	0.000000
-1.270511	-1.195399	3.144000	0.000000
-1.396115	-1.298074	3.156000	0.000000
-1.524345	-1.398974	3.168000	0.000000
-1.655410	-1.497860	3.180000	0.000000
-1.789515	-1.594469	3.192000	0.000000
-1.926855	-1.688516	3.204000	0.000000
-2.067617	-1.779685	3.216000	0.000000
-2.211974	-1.867632	3.228000	0.000000
-2.360085	-1.951980	3.240000	0.000000
-2.512087	-2.032321	3.252000	0.000000
-2.668095	-2.108209	3.264000	0.000000
-2.828195	-2.179162	3.276000	0.000000
-2.992437	-2.244660	3.288000	0.000000
-3.160829	-2.304145	3.300000	0.000000
-3.333333	-2.357023	3.312000	0.000000
-3.509853	-2.402660	3.324000	0.000000
-3.690227	-2.440391	3.336000	0.000000
-3.874220	-2.469521	3.348000	0.000000
-4.061512	-2.489329	3.360000	0.000000
-4.251691	-2.499081	3.372000	0.000000
-4.444240	-2.498033	3.384000	0.000000
-4.638530	-2.485449	3.396000	0.000000
-4.833812	-2.460611	3.408000	0.000000
-5.029211	-2.422841	3.420000	0.000000
-5.223720	-2.371519	3.432000	0.000000
-5.416201	-2.306106	3.444000	0.000000
-5.605387	-2.226168	3.456000	0.000000
-5.789891	-2.131401	3.468000	0.000000
-5.968218	-2.021662	3.480000	0.000000
-6.138783	-1.896988	3.492000	0.000000
-6.299939	-1.757627	3.504000	0.000000
-6.450006	-1.604051	3.516000	0.000000
-6.587307	-1.436976	3.528000	0.000000
-6.710212	-1.257368	3.540000	0.000000
-6.817183	-1.066442	3.552000	0.000000
-6.906815	-0.865653	3.564000	0.000000
-6.977887	-0.656677	3.576000	0.000000
-7.029400	-0.441380	3.588000	0.000000
-7.060612	-0.221779	3.600000	0.000000
-7.071068	-0.000000	3.612000	0.000000
-7.060612	0.221779	3.624000	0.000000
-7.029400	0.441380	3.636000	0.000000
-6.977887	0.656677	3.648000	0.000000
-6.906815	0.865653	3.660000	0.000000
-6.817183	1.066442	3.672000	0.000000
-6.710212	1.257368	3.684000	0.000000
-6.587307	1.436976	3.696000	0.000000
-6.450006	1.604051	3.708000	0.000000
-6.299939	1.757627	3.720000	0.000000
-6.138783	1.896988	3.732000	0.000000
-5.968218	2.021662	3.744000	0.000000
-5.789891	2.131401	3.756000	0.000000
-5.605387	2.226168	3.768000	0.000000
-5.416201	2.306106	3.780000	0.000000
-5.223720	2.371519	3.792000	0.000000
-5.029211	2.422841	3.804000	0.000000
-4.833812	2.460611	3.816000	0.000000
-4.638530	2.485449	3.828000	0.000000
-4.444240	2.498033	3.840000	0.000000
-4.251691	2.499081	3.852000	0.000000
-4.061512	2.489329	3.864000	0.000000
-3.874220	2.469521	3.876000	0.000000
-3.690227	2.440391	3.888000	0.000000
-3.509853	2.402660	3.900000	0.000000
-3.333333	2.357023	3.912000	0.000000
-3.160829	2.304145	3.924000	0.000000
-2.992437	2.244660	3.936000	0.000000
-2.828195	2.179162	3.948000	0.000000
-2.668095	2.108209	3.960000	0.000000
-2.512087	2.032321	3.972000	0.000000
-2.360085	1.951980	3.984000	0.000000
-2.211974	1.867632	3.996000	0.000000
-2.067617	1.779685	4.008000	0.000000
-1.926855	1.688516	4.020000	0.000000
-1.789515	1.594469	4.032000	0.000000
-1.655410	1.497860	4.044000	0.000000
-1.524345	1.398974	4.056000	0.000000
-1.396115	1.298074	4.068000	0.000000
-1.270511	1.195399	4.080000	0.000000
-1.147320	1.091166	4.092000	0.000000
-1.026325	0.985573	4.104000	0.000000
-0.907309	0.878804	4.116000	0.000000
-0.790051	0.771024	4.128000	0.000000
-0.674331	0.662387	4.140000	0.000000
-0.559931	0.553037	4.152000	0.000000
-0.446628	0.443106	4.164000	0.000000
-0.334203	0.332720	4.176000	0.000000
-0.222437	0.221998	4.188000	0.000000
-0.111109	0.111054	4.200000	0.000000
0.000000	-0.000000	4.212000	0.000000
0.111109	-0.111054	4.224000	0.000000
0.222437	-0.221998	4.236000	0.000000
0.334203	-0.332720	4.248000	0.000000
0.446628	-0.443106	4.260000	0.000000
0.559931	-0.553037	4.272000	0.000000
0.674331	-0.662387	4.284000	0.000000
0.790051	-0.771024	4.296000	0.000000
0.907309	-0.878804	4.308000	0.000000
1.026325	-0.985573	4.320000	0.000000
1.147320	-1.091166	4.332000	0.000000
1.270511	-1.195399	4.344000	0.000000
1.396115	-1.298074	4.356000	0.000000
1.524345	-1.398974	4.368000	0.000000
1.655410	-1.497860	4.380000	0.000000
1.789515	-1.594469	4.392000	0.000000
1.926855	-1.688516	4.404000	0.000000
2.067617	-1.779685	4.416000	0.000000
2.211974	-1.867632	4.428000	0.000000
2.360085	-1.951980	4.440000	0.000000
2.512087	-2.032321	4.452000	0.000000
2.668095	-2.108209	4.464000	0.000000
2.828195	-2.179162	4.476000	0.000000
2.992437	-2.244660	4.488000	0.000000
3.160829	-2.304145	4.500000	0.000000
3.333333	-2.357023	4.512000	0.000000
3.509853	-2.402660	4.524000	0.000000
3.690227	-2.440391	4.536000	0.000000
3.874220	-2.469521	4.548000	0.000000
4.061512	-2.489329	4.560000	0.000000
4.251691	-2.499081	4.572000	0.000000
4.444240	-2.498033	4.584000	0.000000
4.638530	-2.485449	4.596000	0.000000
4.833812	-2.460611	4.608000	0.000000
5.029211	-2.422841	4.620000	0.000000
5.223720	-2.371519	4.632000	0.000000
5.416201	-2.306106	4.644000	0.000000
5.605387	-2.226168	4.656000	0.000000
5.789891	-2.131401	4.668000	0.000000
5.968218	-2.021662	4.680000	0.000000
6.138783	-1.896988	4.692000	0.000000
6.299939	-1.757627	4.704000	0.000000
6.450006	-1.604051	4.716000	0.000000
6.587307	-1.436976	4.728000	0.000000
6.710212	-1.257368	4.740000	0.000000
6.817183	-1.066442	4.752000	0.000000
6.906815	-0.865653	4.764000	0.000000
6.977887	-0.656677	4.776000	0.000000
7.029400	-0.441380	4.788000	0.000000
7.060612	-0.221779	4.800000	0.000000
7.071068	0.000000	4.812000	0.000000
7.060612	0.221779	4.824000	0.000000
7.029400	0.441380	4.836000	0.000000
6.977887	0.656677	4.848000	0.000000
6.906815	0.865653	4.860000	0.000000
6.817183	1.066442	4.872000	0.000000
6.710212	1.257368	4.884000	0.000000
6.587307	1.436976	4.896000	0.000000
6.450006	1.604051	4.908000	0.000000
6.299939	1.757627	4.920000	0.000000
6.138783	1.896988	4.932000	0.000000
5.968218	2.021662	4.944000	0.000000
5.789891	2.131401	4.956000	0.000000
5.605387	2.226168	4.968000	0.000000
5.416201	2.306106	4.980000	0.000000
5.223720	2.371519	4.992000	0.000000
5.029211	2.422841	5.004000	0.000000
4.833812	2.460611	5.016000	0.000000
4.638530	2.485449	5.028000	0.000000
4.444240	2.498033	5.040000	0.000000
4.251691	2.499081	5.052000	0.000000
4.061512	2.489329	5.064000	0.000000
3.874220	2.469521	5.076000	0.000000
3.690227	2.440391	5.088000	0.000000
3.509853	2.402660	5.100000	0.000000
3.333333	2.357023	5.112000	0.000000
3.160829	2.304145	5.124000	0.000000
2.992437	2.244660	5.136000	0.000000
2.828195	2.179162	5.148000	0.000000
2.668095	2.108209	5.160000	0.000000
2.512087	2.032321	5.172000	0.000000
2.360085	1.951980	5.184000	0.000000
2.211974	1.867632	5.196000	0.000000
2.067617	1.779685	5.208000	0.000000
1.926855	1.688516	5.220000	0.000000
1.789515	1.594469	5.232000	0.000000
1.655410	1.497860	5.244000	0.000000
1.524345	1.398974	5.256000	0.000000
1.396115	1.298074	5.268000	0.000000
1.270511	1.195399	5.280000	0.000000
1.147320	1.091166	5.292000	0.000000
1.026325	0.985573	5.304000	0.000000
0.907309	0.878804	5.316000	0.000000
0.790051	0.771024	5.328000	0.000000
0.674331	0.662387	5.340000	0.000000
0.559931	0.553037	5.352000	0.000000
0.446628	0.443106	5.364000	0.000000
0.334203	0.332720	5.376000	0.000000
0.222437	0.221998	5.388000	0.000000
0.111109	0.111054	5.400000	0.000000
0.000000	0.000000	5.412000	0.000000
-0.111109	-0.111054	5.424000	0.000000
-0.222437	-0.221998	5.436000	0.000000
-0.334203	-0.332720	5.448000	0.000000
-0.446628	-0.443106	5.460000	0.000000
-0.559931	-0.553037	5.472000	0.000000
-0.674331	-0.662387	5.484000	0.000000
-0.790051	-0.771024	5.496000	0.000000
-0.907309	-0.878804	5.508000	0.000000
-1.026325	-0.985573	5.520000	0.000000
-1.147320	-1.091166	5.532000	0.000000
-1.270511	-1.195399	5.544000	0.000000
-1.396115	-1.298074	5.556000	0.000000
-1.524345	-1.398974	5.568000	0.000000
-1.655410	-1.497860	5.580000	0.000000
-1.789515	-1.594469	5.592000	0.000000
-1.926855	-1.688516	5.604000	0.000000
-2.067617	-1.779685	5.616000	0.000000
-2.211974	-1.867632	5.628000	0.000000
-2.360085	-1.951980	5.640000	0.000000
-2.512087	-2.032321	5.652000	0.000000
-2.668095	-2.108209	5.664000	0.000000
-2.828195	-2.179162	5.676000	0.000000
-2.992437	-2.244660	5.688000	0.000000
-3.160829	-2.304145	5.700000	0.000000
-3.333333	-2.357023	5.712000	0.000000
-3.509853	-2.402660	5.724000	0.000000
-3.690227	-2.440391	5.736000	0.000000
-3.874220	-2.469521	5.748000	0.000000
-4.061512	-2.489329	5.760000	0.000000
-4.251691	-2.499081	5.772000	0.000000
-4.444240	-2.498033	5.784000	0.000000
-4.638530	-2.485449	5.796000	0.000000
-4.833812	-2.460611	5.808000	0.000000
-5.029211	-2.422841	5.820000	0.000000
-5.223720	-2.371519	5.832000	0.000000
-5.416201	-2.306106	5.844000	0.000000
-5.605387	-2.226168	5.856000	0.000000
-5.789891	-2.131401	5.868000	0.000000
-5.968218	-2.021662	5.880000	0.000000
-6.138783	-1.896988	5.892000	0.000000
-6.299939	-1.757627	5.904000	0.000000
-6.450006	-1.604051	5.916000	0.000000
-6.587307	-1.436976	5.928000	0.000000
-6.710212	-1.257368	5.940000	0.000000
-6.817183	-1.066442	5.952000	0.000000
-6.906815	-0.865653	5.964000	0.000000
-6.977887	-0.656677	5.976000	0.000000
-7.029400	-0.441380	5.988000	0.000000
-7.060612	-0.221779	6.000000	0.000000
-7.071068	-0.000000	6.012000	0.000000
-7.060612	0.221779	6.024000	0.000000
-7.029400	0.441380	6.036000	0.000000
-6.977887	0.656677	6.048000	0.000000
-6.906815	0.865653	6.060000	0.000000
-6.817183	1.066442	6.072000	0.000000
-6.710212	1.257368	6.084000	0.000000
-6.587307	1.436976	6.096000	0.000000
-6.450006	1.604051	6.108000	0.000000
-6.299939	1.757627	6.120000	0.000000
-6.138783	1.896988	6.132000	0.000000
-5.968218	2.021662	6.144000	0.000000
-5.789891	2.131401	6.156000	0.000000
-5.605387	2.226168	6.168000	0.000000
-5.416201	2.306106	6.180000	0.000000
-5.223720	2.371519	6.192000	0.000000
-5.029211	2.422841	6.204000	0.000000
-4.833812	2.460611	6.216000	0.000000
-4.638530	2.485449	6.228000	0.000000
-4.444240	2.498033	6.240000	0.000000
-4.251691	2.499081	6.252000	0.000000
-4.061512	2.489329	6.264000	0.000000
-3.874220	2.469521	6.276000	0.000000
-3.690227	2.440391	6.288000	0.000000
-3.509853	2.402660	6.300000	0.000000
-3.333333	2.357023	6.312000	0.000000
-3.160829	2.304145	6.324000	0.000000
-2.992437	2.244660	6.336000	0.000000
-2.828195	2.179162	6.348000	0.000000
-2.668095	2.108209	6.360000	0.000000
-2.512087	2.032321	6.372000	0.000000
-2.360085	1.951980	6.384000	0.000000
-2.211974	1.867632	6.396000	0.000000
-2.067617	1.779685	6.408000	0.000000
-1.926855	1.688516	6.420000	0.000000
-1.789515	1.594469	6.432000	0.000000
-1.655410	1.497860	6.444000	0.000000
-1.524345	1.398974	6.456000	0.000000
-1.396115	1.298074	6.468000	0.000000
-1.270511	1.195399	6.480000	0.000000
-1.147320	1.091166	6.492000	0.000000
-1.026325	0.985573	6.504000	0.000000
-0.907309	0.878804	6.516000	0.000000
-0.790051	0.771024	6.528000	0.000000
-0.674331	0.662387	6.540000	0.000000
-0.559931	0.553037	6.552000	0.000000
-0.446628	0.443106	6.564000	0.000000
-0.334203	0.332720	6.576000	0.000000
-0.222437	0.221998	6.588000	0.000000
-0.111109	0.111054	6.600000	0.000000
0.000000	-0.000000	6.612000	0.000000
0.111109	-0.111054	6.624000	0.000000
0.222437	-0.221998	6.636000	0.000000
0.334203	-0.332720	6.648000	0.000000
0.446628	-0.443106	6.660000	0.000000
0.559931	-0.553037	6.672000	0.000000
0.674331	-0.662387	6.684000	0.000000
0.790051	-0.771024	6.696000	0.000000
0.907309	-0.878804	6.708000	0.000000
1.026325	-0.985573	6.720000	0.000000
1.147320	-1.091166	6.732000	0.000000
1.270511	-1.195399	6.744000	0.000000
1.396115	-1.298074	6.756000	0.000000
1.524345	-1.398974	6.768000	0.000000
1.655410	-1.497860	6.780000	0.000000
1.789515	-1.594469	6.792000	0.000000
1.926855	-1.688516	6.804000	0.000000
2.067617	-1.779685	6.816000	0.000000
2.211974	-1.867632	6.828000	0.000000
2.360085	-1.951980	6.840000	0.000000
2.512087	-2.032321	6.852000	0.000000
2.668095	-2.108209	6.864000	0.000000
2.828195	-2.179162	6.876000	0.000000
2.992437	-2.244660	6.888000	0.000000
3.160829	-2.304145	6.900000	0.000000
3.333333	-2.357023	6.912000	0.000000
3.509853	-2.402660	6.924000	0.000000
3.690227	-2.440391	6.936000	0.000000
3.874220	-2.469521	6.948000	0.000000
4.061512	-2.489329	6.960000	0.000000
4.251691	-2.499081	6.972000	0.000000
4.444240	-2.498033	6.984000	0.000000
4.638530	-2.485449	6.996000	0.000000
4.833812	-2.460611	7.008000	0.000000
5.029211	-2.422841	7.020000	0.000000
5.223720	-2.371519	7.032000	0.000000
5.416201	-2.306106	7.044000	0.000000
5.605387	-2.226168	7.056000	0.000000
5.789891	-2.131401	7.068000	0.000000
5.968218	-2.021662	7.080000	0.000000
6.138783	-1.896988	7.092000	0.000000
6.299939	-1.757627	7.104000	0.000000
6.450006	-1.604051	7.116000	0.000000
6.587307	-1.436976	7.128000	0.000000
6.710212	-1.257368	7.140000	0.000000
6.817183	-1.066442	7.152000	0.000000
6.906815	-0.865653	7.164000	0.000000
6.977887	-0.656677	7.176000	0.000000
7.029400	-0.441380	7.188000	0.000000
7.060612	-0.221779	7.200000	0.000000
7.071068	0.000000	7.212000	0.000000
7.060612	0.221779	7.224000	0.000000
7.029400	0.441380	7.236000	0.000000
6.977887	0.656677	7.248000	0.000000
6.906815	0.865653	7.260000	0.000000
6.817183	1.066442	7.272000	0.000000
6.710212	1.257368	7.284000	0.000000
6.587307	1.436976	7.296000	0.000000
6.450006	1.604051	7.308000	0.000000
6.299939	1.757627	7.320000	0.000000
6.138783	1.896988	7.332000	0.000000
5.968218	2.021662	7.344000	0.000000
5.789891	2.131401	7.356000	0.000000
5.605387	2.226168	7.368000	0.000000
5.416201	2.306106	7.380000	0.000000
5.223720	2.371519	7.392000	0.000000
5.029211	2.422841	7.404000	0.000000
4.833812	2.460611	7.416000	0.000000
4.638530	2.485449	7.428000	0.000000
4.444240	2.498033	7.440000	0.000000
4.251691	2.499081	7.452000	0.000000
4.061512	2.489329	7.464000	0.000000
3.874220	2.469521	7.476000	0.000000
3.690227	2.440391	7.488000	0.000000
3.509853	2.402660	7.500000	0.000000
3.333333	2.357023	7.512000	0.000000
3.160829	2.304145	7.524000	0.000000
2.992437	2.244660	7.536000	0.000000
2.828195	2.179162	7.548000	0.000000
2.668095	2.108209	7.560000	0.000000
2.512087	2.032321	7.572000	0.000000
2.360085	1.951980	7.584000	0.000000
2.211974	1.867632	7.596000	0.000000
2.067617	1.779685	7.608000	0.000000
1.926855	1.688516	7.620000	0.000000
1.789515	1.594469	7.632000	0.000000
1.655410	1.497860	7.644000	0.000000
1.524345	1.398974	7.656000	0.000000
1.396115	1.298074	7.668000	0.000000
1.270511	1.195399	7.680000	0.000000
1.147320	1.091166	7.692000	0.000000
1.026325	0.985573	7.704000	0.000000
0.907309	0.878804	7.716000	0.000000
0.790051	0.771024	7.728000	0.000000
0.674331	0.662387	7.740000	0.000000
0.559931	0.553037	7.752000	0.000000
0.446628	0.443106	7.764000	0.000000
0.334203	0.332720	7.776000	0.000000
0.222437	0.221998	7.788000	0.000000
0.111109	0.111054	7.800000	0.000000
0.000000	0.000000	7.812000	0.000000
-0.111109	-0.111054	7.824000	0.000000
-0.222437	-0.221998	7.836000	0.000000
-0.334203	-0.332720	7.848000	0.000000
-0.446628	-0.443106	7.860000	0.000000
-0.559931	-0.553037	7.872000	0.000000
-0.674331	-0.662387	7.884000	0.000000
-0.790051	-0.771024	7.896000	0.000000
-0.907309	-0.878804	7.908000	0.000000
-1.026325	-0.985573	7.920000	0.000000
-1.147320	-1.091166	7.932000	0.000000
-1.270511	-1.195399	7.944000	0.000000
-1.396115	-1.298074	7.956000	0.000000
-1.524345	-1.398974	7.968000	0.000000
-1.655410	-1.497860	7.980000	0.000000
-1.789515	-1.594469	7.992000	0.000000
-1.926855	-1.688516	8.004000	0.000000
-2.067617	-1.779685	8.016000	0.000000
-2.211974	-1.867632	8.028000	0.000000
-2.360085	-1.951980	8.040000	0.000000
-2.512087	-2.032321	8.052000	0.000000
-2.668095	-2.108209	8.064000	0.000000
-2.828195	-2.179162	8.076000	0.000000
-2.992437	-2.244660	8.088000	0.000000
-3.160829	-2.304145	8.100000	0.000000
-3.333333	-2.357023	8.112000	0.000000
-3.509853	-2.402660	8.124000	0.000000
-3.690227	-2.440391	8.136000	0.000000
-3.874220	-2.469521	8.148000	0.000000
-4.061512	-2.489329	8.160000	0.000000
-4.251691	-2.499081	8.172000	0.000000
-4.444240	-2.498033	8.184000	0.000000
-4.638530	-2.485449	8.196000	0.000000
-4.833812	-2.460611	8.208000	0.000000
-5.029211	-2.422841	8.220000	0.000000
-5.223720	-2.371519	8.232000	0.000000
-5.416201	-2.306106	8.244000	0.000000
-5.605387	-2.226168	8.256000	0.000000
-5.789891	-2.131401	8.268000	0.000000
-5.968218	-2.021662	8.280000	0.000000
-6.138783	-1.896988	8.292000	0.000000
-6.299939	-1.757627	8.304000	0.000000
-6.450006	-1.604051	8.316000	0.000000
-6.587307	-1.436976	8.328000	0.000000
-6.710212	-1.257368	8.340000	0.000000
-6.817183	-1.066442	8.352000	0.000000
-6.906815	-0.865653	8.364000	0.000000
-6.977887	-0.656677	8.376000	0.000000
-7.029400	-0.441380	8.388000	0.000000
-7.060612	-0.221779	8.400000	0.000000
-7.071068	-0.000000	8.412000	0.000000
-7.060612	0.221779	8.424000	0.000000
-7.029400	0.441380	8.436000	0.000000
-6.977887	0.656677	8.448000	0.000000
-6.906815	0.865653	8.460000	0.000000
-6.817183	1.066442	8.472000	0.000000
-6.710212	1.257368	8.484000	0.000000
-6.587307	1.436976	8.496000	0.000000
-6.450006	1.604051	8.508000	0.000000
-6.299939	1.757627	8.520000	0.000000
-6.138783	1.896988	8.532000	0.000000
-5.968218	2.021662	8.544000	0.000000
-5.789891	2.131401	8.556000	0.000000
-5.605387	2.226168	8.568000	0.000000
-5.416201	2.306106	8.580000	0.000000
-5.223720	2.371519	8.592000	0.000000
-5.029211	2.422841	8.604000	0.000000
-4.833812	2.460611	8.616000	0.000000
-4.638530	2.485449	8.628000	0.000000
-4.444240	2.498033	8.640000	0.000000
-4.251691	2.499081	8.652000	0.000000
-4.061512	2.489329	8.664000	0.000000
-3.874220	2.469521	8.676000	0.000000
-3.690227	2.440391	8.688000	0.000000
-3.509853	2.402660	8.700000	0.000000
-3.333333	2.357023	8.712000	0.000000
-3.160829	2.304145	8.724000	0.000000
-2.992437	2.244660	8.736000	0.000000
-2.828195	2.179162	8.748000	0.000000
-2.668095	2.108209	8.760000	0.000000
-2.512087	2.032321	8.772000	0.000000
-2.360085	1.951980	8.784000	0.000000
-2.211974	1.867632	8.796000	0.000000
-2.067617	1.779685	8.808000	0.000000
-1.926855	1.688516	8.820000	0.000000
-1.789515	1.594469	8.832000	0.000000
-1.655410	1.497860	8.844000	0.000000
-1.524345	1.398974	8.856000	0.000000
-1.396115	1.298074	8.868000	0.000000
-1.270511	1.195399	8.880000	0.000000
-1.147320	1.091166	8.892000	0.000000
-1.026325	0.985573	8.904000	0.000000
-0.907309	0.878804	8.916000	0.000000
-0.790051	0.771024	8.928000	0.000000
-0.674331	0.662387	8.940000	0.000000
-0.559931	0.553037	8.952000	0.000000
-0.446628	0.443106	8.964000	0.000000
-0.334203	0.332720	8.976000	0.000000
-0.222437	0.221998	8.988000	0.000000
-0.111109	0.111054	9.000000	0.000000
0.000000	-0.000000	9.012000	0.000000
0.111109	-0.111054	9.024000	0.000000
0.222437	-0.221998	9.036000	0.000000
0.334203	-0.332720	9.048000	0.000000
0.446628	-0.443106	9.060000	0.000000
0.559931	-0.553037	9.072000	0.000000
0.674331	-0.662387	9.084000	0.000000
0.790051	-0.771024	9.096000	0.000000
0.907309	-0.878804	9.108000	0.000000
1.026325	-0.985573	9.120000	0.000000
1.147320	-1.091166	9.132000	0.000000
1.270511	-1.195399	9.144000	0.000000
1.396115	-1.298074	9.156000	0.000000
1.524345	-1.398974	9.168000	0.000000
1.655410	-1.497860	9.180000	0.000000
1.789515	-1.594469	9.192000	0.000000
1.926855	-1.688516	9.204000	0.000000
2.067617	-1.779685	9.216000	0.000000
2.211974	-1.867632	9.228000	0.000000
2.360085	-1.951980	9.240000	0.000000
2.512087	-2.032321	9.252000	0.000000
2.668095	-2.108209	9.264000	0.000000
2.828195	-2.179162	9.276000	0.000000
2.992437	-2.244660	9.288000	0.000000
3.160829	-2.304145	9.300000	0.000000
3.333333	-2.357023	9.312000	0.000000
3.509853	-2.402660	9.324000	0.000000
3.690227	-2.440391	9.336000	0.000000
3.874220	-2.469521	9.348000	0.000000
4.061512	-2.489329	9.360000	0.000000
4.251691	-2.499081	9.372000	0.000000
4.444240	-2.498033	9.384000	0.000000
4.638530	-2.485449	9.396000	0.000000
4.833812	-2.460611	9.408000	0.000000
5.029211	-2.422841	9.420000	0.000000
5.223720	-2.371519	9.432000	0.000000
5.416201	-2.306106	9.444000	0.000000
5.605387	-2.226168	9.456000	0.000000
5.789891	-2.131401	9.468000	0.000000
5.968218	-2.021662	9.480000	0.000000
6.138783	-1.896988	9.492000	0.000000
6.299939	-1.757627	9.504000	0.000000
6.450006	-1.604051	9.516000	0.000000
6.587307	-1.436976	9.528000	0.000000
6.710212	-1.257368	9.540000	0.000000
6.817183	-1.066442	9.552000	0.000000
6.906815	-0.865653	9.564000	0.000000
6.977887	-0.656677	9.576000	0.000000
7.029400	-0.441380	9.588000	0.000000
7.060612	-0.221779	9.600000	0.000000
7.071068	0.000000	9.612000	0.000000
7.060612	0.221779	9.624000	0.000000
7.029400	0.441380	9.636000	0.000000
6.977887	0.656677	9.648000	0.000000
6.906815	0.865653	9.660000	0.000000
6.817183	1.066442	9.672000	0.000000
6.710212	1.257368	9.684000	0.000000
6.587307	1.436976	9.696000	0.000000
6.450006	1.604051	9.708000	0.000000
6.299939	1.757627	9.720000	0.000000
6.138783	1.896988	9.732000	0.000000
5.968218	2.021662	9.744000	0.000000
5.789891	2.131401	9.756000	0.000000
5.605387	2.226168	9.768000	0.000000
5.416201	2.306106	9.780000	0.000000
5.223720	2.371519	9.792000	0.000000
5.029211	2.422841	9.804000	0.000000
4.833812	2.460611	9.816000	0.000000
4.638530	2.485449	9.828000	0.000000
4.444240	2.498033	9.840000	0.000000
4.251691	2.499081	9.852000	0.000000
4.061512	2.489329	9.864000	0.000000
3.874220	2.469521	9.876000	0.000000
3.690227	2.440391	9.888000	0.000000
3.509853	2.402660	9.900000	0.000000
3.333333	2.357023	9.912000	0.000000
3.160829	2.304145	9.924000	0.000000
2.992437	2.244660	9.936000	0.000000
2.828195	2.179162	9.948000	0.000000
2.668095	2.108209	9.960000	0.000000
2.512087	2.032321	9.972000	0.000000
2.360085	1.951980	9.984000	0.000000
2.211974	1.867632	9.996000	0.000000
2.067617	1.779685	10.008000	0.000000
1.926855	1.688516	10.020000	0.000000
1.789515	1.594469	10.032000	0.000000
1.655410	1.497860	10.044000	0.000000
1.524345	1.398974	10.056000	0.000000
1.396115	1.298074	10.068000	0.000000
1.270511	1.195399	10.080000	0.000000
1.147320	1.091166	10.092000	0.000000
1.026325	0.985573	10.104000	0.000000
0.907309	0.878804	10.116000	0.000000
0.790051	0.771024	10.128000	0.000000
0.674331	0.662387	10.140000	0.000000
0.559931	0.553037	10.152000	0.000000
0.446628	0.443106	10.164000	0.000000
0.334203	0.332720	10.176000	0.000000
0.222437	0.221998	10.188000	0.000000
0.111109	0.111054	10.200000	0.000000
0.000000	0.000000	10.212000	0.000000
-0.111109	-0.111054	10.224000	0.000000
-0.222437	-0.221998	10.236000	0.000000
-0.334203	-0.332720	10.248000	0.000000
-0.446628	-0.443106	10.260000	0.000000
-0.559931	-0.553037	10.272000	0.000000
-0.674331	-0.662387	10.284000	0.000000
-0.790051	-0.771024	10.296000	0.000000
-0.907309	-0.878804	10.308000	0.000000
-1.026325	-0.985573	10.320000	0.000000
-1.147320	-1.091166	10.332000	0.000000
-1.270511	-1.195399	10.344000	0.000000
-1.396115	-1.298074	10.356000	0.000000
-1.524345	-1.398974	10.368000	0.000000
-1.655410	-1.497860	10.380000	0.000000
-1.789515	-1.594469	10.392000	0.000000
-1.926855	-1.688516	10.404000	0.000000
-2.067617	-1.779685	10.416000	0.000000
-2.211974	-1.867632	10.428000	0.000000
-2.360085	-1.951980	10.440000	0.000000
-2.512087	-2.032321	10.452000	0.000000
-2.668095	-2.108209	10.464000	0.000000
-2.828195	-2.179162	10.476000	0.000000
-2.992437	-2.244660	10.488000	0.000000
-3.160829	-2.304145	10.500000	0.000000
-3.333333	-2.357023	10.512000	0.000000
-3.509853	-2.402660	10.524000	0.000000
-3.690227	-2.440391	10.536000	0.000000
-3.874220	-2.469521	10.548000	0.000000
-4.061512	-2.489329	10.560000	0.000000
-4.251691	-2.499081	10.572000	0.000000
-4.444240	-2.498033	10.584000	0.000000
-4.638530	-2.485449	10.596000	0.000000
-4.833812	-2.460611	10.608000	0.000000
-5.029211	-2.422841	10.620000	0.000000
-5.223720	-2.371519	10.632000	0.000000
-5.416201	-2.306106	10.644000	0.000000
-5.605387	-2.226168	10.656000	0.000000
-5.789891	-2.131401	10.668000	0.000000
-5.968218	-2.021662	10.680000	0.000000
-6.138783	-1.896988	10.692000	0.000000
-6.299939	-1.757627	10.704000	0.000000
-6.450006	-1.604051	10.716000	0.000000
-6.587307	-1.436976	10.728000	0.000000
-6.710212	-1.257368	10.740000	0.000000
-6.817183	-1.066442	10.752000	0.000000
-6.906815	-0.865653	10.764000	0.000000
-6.977887	-0.656677	10.776000	0.000000
-7.029400	-0.441380	10.788000	0.000000
-7.060612	-0.221779	10.800000	0.000000
-7.071068	-0.000000	10.812000	0.000000
-7.060612	0.221779	10.824000	0.000000
-7.029400	0.441380	10.836000	0.000000
-6.977887	0.656677	10.848000	0.000000
-6.906815	0.865653	10.860000	0.000000
-6.817183	1.066442	10.872000	0.000000
-6.710212	1.257368	10.884000	0.000000
-6.587307	1.436976	10.896000	0.000000
-6.450006	1.604051	10.908000	0.000000
-6.299939	1.757627	10.920000	0.000000
-6.138783	1.896988	10.932000	0.000000
-5.968218	2.021662	10.944000	0.000000
-5.789891	2.131401	10.956000	0.000000
-5.605387	2.226168	10.968000	0.000000
-5.416201	2.306106	10.980000	0.000000
-5.223720	2.371519	10.992000	0.000000
-5.029211	2.422841	11.004000	0.000000
-4.833812	2.460611	11.016000	0.000000
-4.638530	2.485449	11.028000	0.000000
-4.444240	2.498033	11.040000	0.000000
-4.251691	2.499081	11.052000	0.000000
-4.061512	2.489329	11.064000	0.000000
-3.874220	2.469521	11.076000	0.000000
-3.690227	2.440391	11.088000	0.000000
-3.509853	2.402660	11.100000	0.000000
-3.333333	2.357023	11.112000	0.000000
-3.160829	2.304145	11.124000	0.000000
-2.992437	2.244660	11.136000	0.000000
-2.828195	2.179162	11.148000	0.000000
-2.668095	2.108209	11.160000	0.000000
-2.512087	2.032321	11.172000	0.000000
-2.360085	1.951980	11.184000	0.000000
-2.211974	1.867632	11.196000	0.000000
-2.067617	1.779685	11.208000	0.000000
-1.926855	1.688516	11.220000	0.000000
-1.789515	1.594469	11.232000	0.000000
-1.655410	1.497860	11.244000	0.000000
-1.524345	1.398974	11.256000	0.000000
-1.396115	1.298074	11.268000	0.000000
-1.270511	1.195399	11.280000	0.000000
-1.147320	1.091166	11.292000	0.000000
-1.026325	0.985573	11.304000	0.000000
-0.907309	0.878804	11.316000	0.000000
-0.790051	0.771024	11.328000	0.000000
-0.674331	0.662387	11.340000	0.000000
-0.559931	0.553037	11.352000	0.000000
-0.446628	0.443106	11.364000	0.000000
-0.334203	0.332720	11.376000	0.000000
-0.222437	0.221998	11.388000	0.000000
-0.111109	0.111054	11.400000	0.000000
0.000000	-0.000000	11.412000	0.000000
0.111109	-0.111054	11.424000	0.000000
0.222437	-0.221998	11.436000	0.000000
0.334203	-0.332720	11.448000	0.000000
0.446628	-0.443106	11.460000	0.000000
0.559931	-0.553037	11.472000	0.000000
0.674331	-0.662387	11.484000	0.000000
0.790051	-0.771024	11.496000	0.000000
0.907309	-0.878804	11.508000	0.000000
1.026325	-0.985573	11.520000	0.000000
1.147320	-1.091166	11.532000	0.000000
1.270511	-1.195399	11.544000	0.000000
1.396115	-1.298074	11.556000	0.000000
1.524345	-1.398974	11.568000	0.000000
1.655410	-1.497860	11.580000	0.000000
1.789515	-1.594469	11.592000	0.000000
1.926855	-1.688516	11.604000	0.000000
2.067617	-1.779685	11.616000	0.000000
2.211974	-1.867632	11.628000	0.000000
2.360085	-1.951980	11.640000	0.000000
2.512087	-2.032321	11.652000	0.000000
2.668095	-2.108209	11.664000	0.000000
2.828195	-2.179162	11.676000	0.000000
2.992437	-2.244660	11.688000	0.000000
3.160829	-2.304145	11.700000	0.000000
3.333333	-2.357023	11.712000	0.000000
3.509853	-2.402660	11.724000	0.000000
3.690227	-2.440391	11.736000	0.000000
3.874220	-2.469521	11.748000	0.000000
4.061512	-2.489329	11.760000	0.000000
4.251691	-2.499081	11.772000	0.000000
4.444240	-2.498033	11.784000	0.000000
4.638530	-2.485449	11.796000	0.000000
4.833812	-2.460611	11.808000	0.000000
5.029211	-2.422841	11.820000	0.000000
5.223720	-2.371519	11.832000	0.000000
5.416201	-2.306106	11.844000	0.000000
5.605387	-2.226168	11.856000	0.000000
5.789891	-2.131401	11.868000	0.000000
5.968218	-2.021662	11.880000	0.000000
6.138783	-1.896988	11.892000	0.000000
6.299939	-1.757627	11.904000	0.000000
6.450006	-1.604051	11.916000	0.000000
6.587307	-1.436976	11.928000	0.000000
6.710212	-1.257368	11.940000	0.000000
6.817183	-1.066442	11.952000	0.000000
6.906815	-0.865653	11.964000	0.000000
6.977887	-0.656677	11.976000	0.000000
7.029400	-0.441380	11.988000	0.000000
7.060612	-0.221779	12.000000	0.000000
7.071068	0.000000	12.012000	0.000000
7.060612	0.221779	12.024000	0.000000
7.029400	0.441380	12.036000	0.000000
6.977887	0.656677	12.048000	0.000000
6.906815	0.865653	12.060000	0.000000
6.817183	1.066442	12.072000	0.000000
6.710212	1.257368	12.084000	0.000000
6.587307	1.436976	12.096000	0.000000
6.450006	1.604051	12.108000	0.000000
6.299939	1.757627	12.120000	0.000000
6.138783	1.896988	12.132000	0.000000
5.968218	2.021662	12.144000	0.000000
5.789891	2.131401	12.156000	0.000000
5.605387	2.226168	12.168000	0.000000
5.416201	2.306106	12.180000	0.000000
5.223720	2.371519	12.192000	0.000000
5.029211	2.422841	12.204000	0.000000
4.833812	2.460611	12.216000	0.000000
4.638530	2.485449	12.228000	0.000000
4.444240	2.498033	12.240000	0.000000
4.251691	2.499081	12.252000	0.000000
4.061512	2.489329	12.264000	0.000000
3.874220	2.469521	12.276000	0.000000
3.690227	2.440391	12.288000	0.000000
3.509853	2.402660	12.300000	0.000000
3.333333	2.357023	12.312000	0.000000
3.160829	2.304145	12.324000	0.000000
2.992437	2.244660	12.336000	0.000000
2.828195	2.179162	12.348000	0.000000
2.668095	2.108209	12.360000	0.000000
2.512087	2.032321	12.372000	0.000000
2.360085	1.951980	12.384000	0.000000
2.211974	1.867632	12.396000	0.000000
2.067617	1.779685	12.408000	0.000000
1.926855	1.688516	12.420000	0.000000
1.789515	1.594469	12.432000	0.000000
1.655410	1.497860	12.444000	0.000000
1.524345	1.398974	12.456000	0.000000
1.396115	1.298074	12.468000	0.000000
1.270511	1.195399	12.480000	0.000000
1.147320	1.091166	12.492000	0.000000
1.026325	0.985573	12.504000	0.000000
0.907309	0.878804	12.516000	0.000000
0.790051	0.771024	12.528000	0.000000
0.674331	0.662387	12.540000	0.000000
0.559931	0.553037	12.552000	0.000000
0.446628	0.443106	12.564000	0.000000
0.334203	0.332720	12.576000	0.000000
0.222437	0.221998	12.588000	0.000000
0.111109	0.111054	12.600000	0.000000
0.000000	0.000000	12.612000	0.000000
-0.111109	-0.111054	12.624000	0.000000
-0.222437	-0.221998	12.636000	0.000000
-0.334203	-0.332720	12.648000	0.000000
-0.446628	-0.443106	12.660000	0.000000
-0.559931	-0.553037	12.672000	0.000000
-0.674331	-0.662387	12.684000	0.000000
-0.790051	-0.771024	12.696000	0.000000
-0.907309	-0.878804	12.708000	0.000000
-1.026325	-0.985573	12.720000	0.000000
-1.147320	-1.091166	12.732000	0.000000
-1.270511	-1.195399	12.744000	0.000000
-1.396115	-1.298074	12.756000	0.000000
-1.524345	-1.398974	12.768000	0.000000
-1.655410	-1.497860	12.780000	0.000000
-1.789515	-1.594469	12.792000	0.000000
-1.926855	-1.688516	12.804000	0.000000
-2.067617	-1.779685	12.816000	0.000000
-2.211974	-1.867632	12.828000	0.000000
-2.360085	-1.951980	12.840000	0.000000
-2.512087	-2.032321	12.852000	0.000000
-2.668095	-2.108209	12.864000	0.000000
-2.828195	-2.179162	12.876000	0.000000
-2.992437	-2.244660	12.888000	0.000000
-3.160829	-2.304145	12.900000	0.000000
-3.333333	-2.357023	12.912000	0.000000
-3.509853	-2.402660	12.924000	0.000000
-3.690227	-2.440391	12.936000	0.000000
-3.874220	-2.469521	12.948000	0.000000
-4.061512	-2.489329	12.960000	0.000000
-4.251691	-2.499081	12.972000	0.000000
-4.444240	-2.498033	12.984000	0.000000
-4.638530	-2.485449	12.996000	0.000000
-4.833812	-2.460611	13.008000	0.000000
-5.029211	-2.422841	13.020000	0.000000
-5.223720	-2.371519	13.032000	0.000000
-5.416201	-2.306106	13.044000	0.000000
-5.605387	-2.226168	13.056000	0.000000
-5.789891	-2.131401	13.068000	0.000000
-5.968218	-2.021662	13.080000	0.000000
-6.138783	-1.896988	13.092000	0.000000
-6.299939	-1.757627	13.104000	0.000000
-6.450006	-1.604051	13.116000	0.000000
-6.587307	-1.436976	13.128000	0.000000
-6.710212	-1.257368	13.140000	0.000000
-6.817183	-1.066442	13.152000	0.000000
-6.906815	-0.865653	13.164000	0.000000
-6.977887	-0.656677	13.176000	0.000000
-7.029400	-0.441380	13.188000	0.000000
-7.060612	-0.221779	13.200000	0.000000
-7.071068	-0.000000	13.212000	0.000000
-7.060612	0.221779	13.224000	0.000000
-7.029400	0.441380	13.236000	0.000000
-6.977887	0.656677	13.248000	0.000000
-6.906815	0.865653	13.260000	0.000000
-6.817183	1.066442	13.272000	0.000000
-6.710212	1.257368	13.284000	0.000000
-6.587307	1.436976	13.296000	0.000000
-6.450006	1.604051	13.308000	0.000000
-6.299939	1.757627	13.320000	0.000000
-6.138783	1.896988	13.332000	0.000000
-5.968218	2.021662	13.344000	0.000000
-5.789891	2.131401	13.356000	0.000000
-5.605387	2.226168	13.368000	0.000000
-5.416201	2.306106	13.380000	0.000000
-5.223720	2.371519	13.392000	0.000000
-5.029211	2.422841	13.404000	0.000000
-4.833812	2.460611	13.416000	0.000000
-4.638530	2.485449	13.428000	0.000000
-4.444240	2.498033	13.440000	0.000000
-4.251691	2.499081	13.452000	0.000000
-4.061512	2.489329	13.464000	0.000000
-3.874220	2.469521	13.476000	0.000000
-3.690227	2.440391	13.488000	0.000000
-3.509853	2.402660	13.500000	0.000000
-3.333333	2.357023	13.512000	0.000000
-3.160829	2.304145	13.524000	0.000000
-2.992437	2.244660	13.536000	0.000000
-2.828195	2.179162	13.548000	0.000000
-2.668095	2.108209	13.560000	0.000000
-2.512087	2.032321	13.572000	0.000000
-2.360085	1.951980	13.584000	0.000000
-2.211974	1.867632	13.596000	0.000000
-2.067617	1.779685	13.608000	0.000000
-1.926855	1.688516	13.620000	0.000000
-1.789515	1.594469	13.632000	0.000000
-1.655410	1.497860	13.644000	0.000000
-1.524345	1.398974	13.656000	0.000000
-1.396115	1.298074	13.668000	0.000000
-1.270511	1.195399	13.680000	0.000000
-1.147320	1.091166	13.692000	0.000000
-1.026325	0.985573	13.704000	0.000000
-0.907309	0.878804	13.716000	0.000000
-0.790051	0.771024	13.728000	0.000000
-0.674331	0.662387	13.740000	0.000000
-0.559931	0.553037	13.752000	0.000000
-0.446628	0.443106	13.764000	0.000000
-0.334203	0.332720	13.776000	0.000000
-0.222437	0.221998	13.788000	0.000000
-0.111109	0.111054	13.800000	0.000000
0.000000	-0.000000	13.812000	0.000000
0.111109	-0.111054	13.824000	0.000000
0.222437	-0.221998	13.836000	0.000000
0.334203	-0.332720	13.848000	0.000000
0.446628	-0.443106	13.860000	0.000000
0.559931	-0.553037	13.872000	0.000000
0.674331	-0.662387	13.884000	0.000000
0.790051	-0.771024	13.896000	0.000000
0.907309	-0.878804	13.908000	0.000000
1.026325	-0.985573	13.920000	0.000000
1.147320	-1.091166	13.932000	0.000000
1.270511	-1.195399	13.944000	0.000000
1.396115	-1.298074	13.956000	0.000000
1.524345	-1.398974	13.968000	0.000000
1.655410	-1.497860	13.980000	0.000000
1.789515	-1.594469	13.992000	0.000000
1.926855	-1.688516	14.004000	0.000000
2.067617	-1.779685	14.016000	0.000000
2.211974	-1.867632	14.028000	0.000000
2.360085	-1.951980	14.040000	0.000000
2.512087	-2.032321	14.052000	0.000000
2.668095	-2.108209	14.064000	0.000000
2.828195	-2.179162	14.076000	0.000000
2.992437	-2.244660	14.088000	0.000000
3.160829	-2.304145	14.100000	0.000000
3.333333	-2.357023	14.112000	0.000000
3.509853	-2.402660	14.124000	0.000000
3.690227	-2.440391	14.136000	0.000000
3.874220	-2.469521	14.148000	0.000000
4.061512	-2.489329	14.160000	0.000000
4.251691	-2.499081	14.172000	0.000000
4.444240	-2.498033	14.184000	0.000000
4.638530	-2.485449	14.196000	0.000000
4.833812	-2.460611	14.208000	0.000000
5.029211	-2.422841	14.220000	0.000000
5.223720	-2.371519	14.232000	0.000000
5.416201	-2.306106	14.244000	0.000000
5.605387	-2.226168	14.256000	0.000000
5.789891	-2.131401	14.268000	0.000000
5.968218	-2.021662	14.280000	0.000000
6.138783	-1.896988	14.292000	0.000000
6.299939	-1.757627	14.304000	0.000000
6.450006	-1.604051	14.316000	0.000000
6.587307	-1.436976	14.328000	0.000000
6.710212	-1.257368	14.340000	0.000000
6.817183	-1.066442	14.352000	0.000000
6.906815	-0.865653	14.364000	0.000000
6.977887	-0.656677	14.376000	0.000000
7.029400	-0.441380	14.388000	0.000000
7.060612	-0.221779	14.400000	0.000000
7.071068	0.000000	14.412000	0.000000
7.060612	0.221779	14.424000	0.000000
7.029400	0.441380	14.436000	0.000000
6.977887	0.656677	14.448000	0.000000
6.906815	0.865653	14.460000	0.000000
6.817183	1.066442	14.472000	0.000000
6.710212	1.257368	14.484000	0.000000
6.587307	1.436976	14.496000	0.000000
6.450006	1.604051	14.508000	0.000000
6.299939	1.757627	14.520000	0.000000
6.138783	1.896988	14.532000	0.000000
5.968218	2.021662	14.544000	0.000000
5.789891	2.131401	14.556000	0.000000
5.605387	2.226168	14.568000	0.000000
5.416201	2.306106	14.580000	0.000000
5.223720	2.371519	14.592000	0.000000
5.029211	2.422841	14.604000	0.000000
4.833812	2.460611	14.616000	0.000000
4.638530	2.485449	14.628000	0.000000
4.444240	2.498033	14.640000	0.000000
4.251691	2.499081	14.652000	0.000000
4.061512	2.489329	14.664000	0.000000
3.874220	2.469521	14.676000	0.000000
3.690227	2.440391	14.688000	0.000000
3.509853	2.402660	14.700000	0.000000
3.333333	2.357023	14.712000	0.000000
3.160829	2.304145	14.724000	0.000000
2.992437	2.244660	14.736000	0.000000
2.828195	2.179162	14.748000	0.000000
2.668095	2.108209	14.760000	0.000000
2.512087	2.032321	14.772000	0.000000
2.360085	1.951980	14.784000	0.000000
2.211974	1.867632	14.796000	0.000000
2.067617	1.779685	14.808000	0.000000
1.926855	1.688516	14.820000	0.000000
1.789515	1.594469	14.832000	0.000000
1.655410	1.497860	14.844000	0.000000
1.524345	1.398974	14.856000	0.000000
1.396115	1.298074	14.868000	0.000000
1.270511	1.195399	14.880000	0.000000
1.147320	1.091166	14.892000	0.000000
1.026325	0.985573	14.904000	0.000000
0.907309	0.878804	14.916000	0.000000
0.790051	0.771024	14.928000	0.000000
0.674331	0.662387	14.940000	0.000000
0.559931	0.553037	14.952000	0.000000
0.446628	0.443106	14.964000	0.000000
0.334203	0.332720	14.976000	0.000000
0.222437	0.221998	14.988000	0.000000
0.111109	0.111054	15.000000	0.000000
