control	0
yaw_angle	1
cmd_type	0
pose_x	pose_y	pose_z	heading
18.000000	18.000000	0.000000	0.062832
18.000000	18.000000	3.012000	0.062832
17.888891	17.888946	3.024000	0.125664
17.777563	17.778002	3.036000	0.188496
17.665797	17.667280	3.048000	0.251327
17.553372	17.556894	3.060000	0.314159
17.440069	17.446963	3.072000	0.376991
17.325669	17.337613	3.084000	0.439823
17.209949	17.228976	3.096000	0.502655
17.092691	17.121196	3.108000	0.565487
16.973675	17.014427	3.120000	0.628319
16.852680	16.908834	3.132000	0.691150
16.729489	16.804601	3.144000	0.753982
16.603885	16.701926	3.156000	0.816814
16.475655	16.601026	3.168000	0.879646
16.344590	16.502140	3.180000	0.942478
16.210485	16.405531	3.192000	1.005310
16.073145	16.311484	3.204000	1.068142
15.932383	16.220315	3.216000	1.130973
15.788026	16.132368	3.228000	1.193805
15.639915	16.048020	3.240000	1.256637
15.487913	15.967679	3.252000	1.319469
15.331905	15.891791	3.264000	1.382301
15.171805	15.820838	3.276000	1.445133
15.007563	15.755340	3.288000	1.507964
14.839171	15.695855	3.300000	1.570796
14.666667	15.642977	3.312000	1.633628
14.490147	15.597340	3.324000	1.696460
14.309773	15.559609	3.336000	1.759292
14.125780	15.530479	3.348000	1.822124
13.938488	15.510671	3.360000	1.884956
13.748309	15.500919	3.372000	1.947787
13.555760	15.501967	3.384000	2.010619
13.361470	15.514551	3.396000	2.073451
13.166188	15.539389	3.408000	2.136283
12.970789	15.577159	3.420000	2.199115
12.776280	15.628481	3.432000	2.261947
12.583799	15.693894	3.444000	2.324779
12.394613	15.773832	3.456000	2.387610
12.210109	15.868599	3.468000	2.450442
12.031782	15.978338	3.480000	2.513274
11.861217	16.103012	3.492000	2.576106
11.700061	16.242373	3.504000	2.638938
11.549994	16.395949	3.516000	2.701770
11.412693	16.563024	3.528000	2.764602
11.289788	16.742632	3.540000	2.827433
11.182817	16.933558	3.552000	2.890265
11.093185	17.134347	3.564000	2.953097
11.022113	17.343323	3.576000	3.015929
10.970600	17.558620	3.588000	3.078761
10.939388	17.778221	3.600000	3.141593
10.928932	18.000000	3.612000	3.204425
10.939388	18.221779	3.624000	3.267256
10.970600	18.441380	3.636000	3.330088
11.022113	18.656677	3.648000	3.392920
11.093185	18.865653	3.660000	3.455752
11.182817	19.066442	3.672000	3.518584
11.289788	19.257368	3.684000	3.581416
11.412693	19.436976	3.696000	3.644247
11.549994	19.604051	3.708000	3.707079
11.700061	19.757627	3.720000	3.769911
11.861217	19.896988	3.732000	3.832743
12.031782	20.021662	3.744000	3.895575
12.210109	20.131401	3.756000	3.958407
12.394613	20.226168	3.768000	4.021239
12.583799	20.306106	3.780000	4.084070
12.776280	20.371519	3.792000	4.146902
12.970789	20.422841	3.804000	4.209734
13.166188	20.460611	3.816000	4.272566
13.361470	20.485449	3.828000	4.335398
13.555760	20.498033	3.840000	4.398230
13.748309	20.499081	3.852000	4.461062
13.938488	20.489329	3.864000	4.523893
14.125780	20.469521	3.876000	4.586725
14.309773	20.440391	3.888000	4.649557
14.490147	20.402660	3.900000	4.712389
14.666667	20.357023	3.912000	4.775221
14.839171	20.304145	3.924000	4.838053
15.007563	20.244660	3.936000	4.900885
15.171805	20.179162	3.948000	4.963716
15.331905	20.108209	3.960000	5.026548
15.487913	20.032321	3.972000	5.089380
15.639915	19.951980	3.984000	5.152212
15.788026	19.867632	3.996000	5.215044
15.932383	19.779685	4.008000	5.277876
16.073145	19.688516	4.020000	5.340708
16.210485	19.594469	4.032000	5.403539
16.344590	19.497860	4.044000	5.466371
16.475655	19.398974	4.056000	5.529203
16.603885	19.298074	4.068000	5.592035
16.729489	19.195399	4.080000	5.654867
16.852680	19.091166	4.092000	5.717699
16.973675	18.985573	4.104000	5.780530
17.092691	18.878804	4.116000	5.843362
17.209949	18.771024	4.128000	5.906194
17.325669	18.662387	4.140000	5.969026
17.440069	18.553037	4.152000	6.031858
17.553372	18.443106	4.164000	6.094690
17.665797	18.332720	4.176000	6.157522
17.777563	18.221998	4.188000	6.220353
17.888891	18.111054	4.200000	6.283185
18.000000	18.000000	4.212000	6.346017
18.111109	17.888946	4.224000	6.408849
18.222437	17.778002	4.236000	6.471681
18.334203	17.667280	4.248000	6.534513
18.446628	17.556894	4.260000	6.597345
18.559931	17.446963	4.272000	6.660176
18.674331	17.337613	4.284000	6.723008
18.790051	17.228976	4.296000	6.785840
18.907309	17.121196	4.308000	6.848672
19.026325	17.014427	4.320000	6.911504
19.147320	16.908834	4.332000	6.974336
19.270511	16.804601	4.344000	7.037168
19.396115	16.701926	4.356000	7.099999
19.524345	16.601026	4.368000	7.162831
19.655410	16.502140	4.380000	7.225663
19.789515	16.405531	4.392000	7.288495
19.926855	16.311484	4.404000	7.351327
20.067617	16.220315	4.416000	7.414159
20.211974	16.132368	4.428000	7.476991
20.360085	16.048020	4.440000	7.539822
20.512087	15.967679	4.452000	7.602654
20.668095	15.891791	4.464000	7.665486
20.828195	15.820838	4.476000	7.728318
20.992437	15.755340	4.488000	7.791150
21.160829	15.695855	4.500000	7.853982
21.333333	15.642977	4.512000	7.916813
21.509853	15.597340	4.524000	7.979645
21.690227	15.559609	4.536000	8.042477
21.874220	15.530479	4.548000	8.105309
22.061512	15.510671	4.560000	8.168141
22.251691	15.500919	4.572000	8.230973
22.444240	15.501967	4.584000	8.293805
22.638530	15.514551	4.596000	8.356636
22.833812	15.539389	4.608000	8.419468
23.029211	15.577159	4.620000	8.482300
23.223720	15.628481	4.632000	8.545132
23.416201	15.693894	4.644000	8.607964
23.605387	15.773832	4.656000	8.670796
23.789891	15.868599	4.668000	8.733628
23.968218	15.978338	4.680000	8.796459
24.138783	16.103012	4.692000	8.859291
24.299939	16.242373	4.704000	8.922123
24.450006	16.395949	4.716000	8.984955
24.587307	16.563024	4.728000	9.047787
24.710212	16.742632	4.740000	9.110619
24.817183	16.933558	4.752000	9.173451
24.906815	17.134347	4.764000	9.236282
24.977887	17.343323	4.776000	9.299114
25.029400	17.558620	4.788000	9.361946
25.060612	17.778221	4.800000	9.424778
25.071068	18.000000	4.812000	9.487610
25.060612	18.221779	4.824000	9.550442
25.029400	18.441380	4.836000	9.613274
24.977887	18.656677	4.848000	9.676105
24.906815	18.865653	4.860000	9.738937
24.817183	19.066442	4.872000	9.801769
24.710212	19.257368	4.884000	9.864601
24.587307	19.436976	4.896000	9.927433
24.450006	19.604051	4.908000	9.990265
24.299939	19.757627	4.920000	10.053096
24.138783	19.896988	4.932000	10.115928
23.968218	20.021662	4.944000	10.178760
23.789891	20.131401	4.956000	10.241592
23.605387	20.226168	4.968000	10.304424
23.416201	20.306106	4.980000	10.367256
23.223720	20.371519	4.992000	10.430088
23.029211	20.422841	5.004000	10.492919
22.833812	20.460611	5.016000	10.555751
22.638530	20.485449	5.028000	10.618583
22.444240	20.498033	5.040000	10.681415
22.251691	20.499081	5.052000	10.744247
22.061512	20.489329	5.064000	10.807079
21.874220	20.469521	5.076000	10.869911
21.690227	20.440391	5.088000	10.932742
21.509853	20.402660	5.100000	10.995574
21.333333	20.357023	5.112000	11.058406
21.160829	20.304145	5.124000	11.121238
20.992437	20.244660	5.136000	11.184070
20.828195	20.179162	5.148000	11.246902
20.668095	20.108209	5.160000	11.309734
20.512087	20.032321	5.172000	11.372565
20.360085	19.951980	5.184000	11.435397
20.211974	19.867632	5.196000	11.498229
20.067617	19.779685	5.208000	11.561061
19.926855	19.688516	5.220000	11.623893
19.789515	19.594469	5.232000	11.686725
19.655410	19.497860	5.244000	11.749557
19.524345	19.398974	5.256000	11.812388
19.396115	19.298074	5.268000	11.875220
19.270511	19.195399	5.280000	11.938052
19.147320	19.091166	5.292000	12.000884
19.026325	18.985573	5.304000	12.063716
18.907309	18.878804	5.316000	12.126548
18.790051	18.771024	5.328000	12.189379
18.674331	18.662387	5.340000	12.252211
18.559931	18.553037	5.352000	12.315043
18.446628	18.443106	5.364000	12.377875
18.334203	18.332720	5.376000	12.440707
18.222437	18.221998	5.388000	12.503539
18.111109	18.111054	5.400000	12.566371
18.000000	18.000000	5.412000	12.629202
17.888891	17.888946	5.424000	12.692034
17.777563	17.778002	5.436000	12.754866
17.665797	17.667280	5.448000	12.817698
17.553372	17.556894	5.460000	12.880530
17.440069	17.446963	5.472000	12.943362
17.325669	17.337613	5.484000	13.006194
17.209949	17.228976	5.496000	13.069025
17.092691	17.121196	5.508000	13.131857
16.973675	17.014427	5.520000	13.194689
16.852680	16.908834	5.532000	13.257521
16.729489	16.804601	5.544000	13.320353
16.603885	16.701926	5.556000	13.383185
16.475655	16.601026	5.568000	13.446017
16.344590	16.502140	5.580000	13.508848
16.210485	16.405531	5.592000	13.571680
16.073145	16.311484	5.604000	13.634512
15.932383	16.220315	5.616000	13.697344
15.788026	16.132368	5.628000	13.760176
15.639915	16.048020	5.640000	13.823008
15.487913	15.967679	5.652000	13.885840
15.331905	15.891791	5.664000	13.948671
15.171805	15.820838	5.676000	14.011503
15.007563	15.755340	5.688000	14.074335
14.839171	15.695855	5.700000	14.137167
14.666667	15.642977	5.712000	14.199999
14.490147	15.597340	5.724000	14.262831
14.309773	15.559609	5.736000	14.325663
14.125780	15.530479	5.748000	14.388494
13.938488	15.510671	5.760000	14.451326
13.748309	15.500919	5.772000	14.514158
13.555760	15.501967	5.784000	14.576990
13.361470	15.514551	5.796000	14.639822
13.166188	15.539389	5.808000	14.702654
12.970789	15.577159	5.820000	14.765485
12.776280	15.628481	5.832000	14.828317
12.583799	15.693894	5.844000	14.891149
12.394613	15.773832	5.856000	14.953981
12.210109	15.868599	5.868000	15.016813
12.031782	15.978338	5.880000	15.079645
11.861217	16.103012	5.892000	15.142477
11.700061	16.242373	5.904000	15.205308
11.549994	16.395949	5.916000	15.268140
11.412693	16.563024	5.928000	15.330972
11.289788	16.742632	5.940000	15.393804
11.182817	16.933558	5.952000	15.456636
11.093185	17.134347	5.964000	15.519468
11.022113	17.343323	5.976000	15.582300
10.970600	17.558620	5.988000	15.645131
10.939388	17.778221	6.000000	15.707963
10.928932	18.000000	6.012000	15.770795
10.939388	18.221779	6.024000	15.833627
10.970600	18.441380	6.036000	15.896459
11.022113	18.656677	6.048000	15.959291
11.093185	18.865653	6.060000	16.022123
11.182817	19.066442	6.072000	16.084954
11.289788	19.257368	6.084000	16.147786
11.412693	19.436976	6.096000	16.210618
11.549994	19.604051	6.108000	16.273450
11.700061	19.757627	6.120000	16.336282
11.861217	19.896988	6.132000	16.399114
12.031782	20.021662	6.144000	16.461946
12.210109	20.131401	6.156000	16.524777
12.394613	20.226168	6.168000	16.587609
12.583799	20.306106	6.180000	16.650441
12.776280	20.371519	6.192000	16.713273
12.970789	20.422841	6.204000	16.776105
13.166188	20.460611	6.216000	16.838937
13.361470	20.485449	6.228000	16.901768
13.555760	20.498033	6.240000	16.964600
13.748309	20.499081	6.252000	17.027432
13.938488	20.489329	6.264000	17.090264
14.125780	20.469521	6.276000	17.153096
14.309773	20.440391	6.288000	17.215928
14.490147	20.402660	6.300000	17.278760
14.666667	20.357023	6.312000	17.341591
14.839171	20.304145	6.324000	17.404423
15.007563	20.244660	6.336000	17.467255
15.171805	20.179162	6.348000	17.530087
15.331905	20.108209	6.360000	17.592919
15.487913	20.032321	6.372000	17.655751
15.639915	19.951980	6.384000	17.718583
15.788026	19.867632	6.396000	17.781414
15.932383	19.779685	6.408000	17.844246
16.073145	19.688516	6.420000	17.907078
16.210485	19.594469	6.432000	17.969910
16.344590	19.497860	6.444000	18.032742
16.475655	19.398974	6.456000	18.095574
16.603885	19.298074	6.468000	18.158406
16.729489	19.195399	6.480000	18.221237
16.852680	19.091166	6.492000	18.284069
16.973675	18.985573	6.504000	18.346901
17.092691	18.878804	6.516000	18.409733
17.209949	18.771024	6.528000	18.472565
17.325669	18.662387	6.540000	18.535397
17.440069	18.553037	6.552000	18.598229
17.553372	18.443106	6.564000	18.661060
17.665797	18.332720	6.576000	18.723892
17.777563	18.221998	6.588000	18.786724
17.888891	18.111054	6.600000	18.849556
18.000000	18.000000	6.612000	18.912388
18.111109	17.888946	6.624000	18.975220
18.222437	17.778002	6.636000	19.038051
18.334203	17.667280	6.648000	19.100883
18.446628	17.556894	6.660000	19.163715
18.559931	17.446963	6.672000	19.226547
18.674331	17.337613	6.684000	19.289379
18.790051	17.228976	6.696000	19.352211
18.907309	17.121196	6.708000	19.415043
19.026325	17.014427	6.720000	19.477874
19.147320	16.908834	6.732000	19.540706
19.270511	16.804601	6.744000	19.603538
19.396115	16.701926	6.756000	19.666370
19.524345	16.601026	6.768000	19.729202
19.655410	16.502140	6.780000	19.792034
19.789515	16.405531	6.792000	19.854866
19.926855	16.311484	6.804000	19.917697
20.067617	16.220315	6.816000	19.980529
20.211974	16.132368	6.828000	20.043361
20.360085	16.048020	6.840000	20.106193
20.512087	15.967679	6.852000	20.169025
20.668095	15.891791	6.864000	20.231857
20.828195	15.820838	6.876000	20.294689
20.992437	15.755340	6.888000	20.357520
21.160829	15.695855	6.900000	20.420352
21.333333	15.642977	6.912000	20.483184
21.509853	15.597340	6.924000	20.546016
21.690227	15.559609	6.936000	20.608848
21.874220	15.530479	6.948000	20.671680
22.061512	15.510671	6.960000	20.734512
22.251691	15.500919	6.972000	20.797343
22.444240	15.501967	6.984000	20.860175
22.638530	15.514551	6.996000	20.923007
22.833812	15.539389	7.008000	20.985839
23.029211	15.577159	7.020000	21.048671
23.223720	15.628481	7.032000	21.111503
23.416201	15.693894	7.044000	21.174334
23.605387	15.773832	7.056000	21.237166
23.789891	15.868599	7.068000	21.299998
23.968218	15.978338	7.080000	21.362830
24.138783	16.103012	7.092000	21.425662
24.299939	16.242373	7.104000	21.488494
24.450006	16.395949	7.116000	21.551326
24.587307	16.563024	7.128000	21.614157
24.710212	16.742632	7.140000	21.676989
24.817183	16.933558	7.152000	21.739821
24.906815	17.134347	7.164000	21.802653
24.977887	17.343323	7.176000	21.865485
25.029400	17.558620	7.188000	21.928317
25.060612	17.778221	7.200000	21.991149
25.071068	18.000000	7.212000	22.053980
25.060612	18.221779	7.224000	22.116812
25.029400	18.441380	7.236000	22.179644
24.977887	18.656677	7.248000	22.242476
24.906815	18.865653	7.260000	22.305308
24.817183	19.066442	7.272000	22.368140
24.710212	19.257368	7.284000	22.430972
24.587307	19.436976	7.296000	22.493803
24.450006	19.604051	7.308000	22.556635
24.299939	19.757627	7.320000	22.619467
24.138783	19.896988	7.332000	22.682299
23.968218	20.021662	7.344000	22.745131
23.789891	20.131401	7.356000	22.807963
23.605387	20.226168	7.368000	22.870795
23.416201	20.306106	7.380000	22.933626
23.223720	20.371519	7.392000	22.996458
23.029211	20.422841	7.404000	23.059290
22.833812	20.460611	7.416000	23.122122
22.638530	20.485449	7.428000	23.184954
22.444240	20.498033	7.440000	23.247786
22.251691	20.499081	7.452000	23.310617
22.061512	20.489329	7.464000	23.373449
21.874220	20.469521	7.476000	23.436281
21.690227	20.440391	7.488000	23.499113
21.509853	20.402660	7.500000	23.561945
21.333333	20.357023	7.512000	23.624777
21.160829	20.304145	7.524000	23.687609
20.992437	20.244660	7.536000	23.750440
20.828195	20.179162	7.548000	23.813272
20.668095	20.108209	7.560000	23.876104
20.512087	20.032321	7.572000	23.938936
20.360085	19.951980	7.584000	24.001768
20.211974	19.867632	7.596000	24.064600
20.067617	19.779685	7.608000	24.127432
19.926855	19.688516	7.620000	24.190263
19.789515	19.594469	7.632000	24.253095
19.655410	19.497860	7.644000	24.315927
19.524345	19.398974	7.656000	24.378759
19.396115	19.298074	7.668000	24.441591
19.270511	19.195399	7.680000	24.504423
19.147320	19.091166	7.692000	24.567255
19.026325	18.985573	7.704000	24.630086
18.907309	18.878804	7.716000	24.692918
18.790051	18.771024	7.728000	24.755750
18.674331	18.662387	7.740000	24.818582
18.559931	18.553037	7.752000	24.881414
18.446628	18.443106	7.764000	24.944246
18.334203	18.332720	7.776000	25.007078
18.222437	18.221998	7.788000	25.069909
18.111109	18.111054	7.800000	25.132741
18.000000	18.000000	7.812000	25.195573
17.888891	17.888946	7.824000	25.258405
17.777563	17.778002	7.836000	25.321237
17.665797	17.667280	7.848000	25.384069
17.553372	17.556894	7.860000	25.446900
17.440069	17.446963	7.872000	25.509732
17.325669	17.337613	7.884000	25.572564
17.209949	17.228976	7.896000	25.635396
17.092691	17.121196	7.908000	25.698228
16.973675	17.014427	7.920000	25.761060
16.852680	16.908834	7.932000	25.823892
16.729489	16.804601	7.944000	25.886723
16.603885	16.701926	7.956000	25.949555
16.475655	16.601026	7.968000	26.012387
16.344590	16.502140	7.980000	26.075219
16.210485	16.405531	7.992000	26.138051
16.073145	16.311484	8.004000	26.200883
15.932383	16.220315	8.016000	26.263715
15.788026	16.132368	8.028000	26.326546
15.639915	16.048020	8.040000	26.389378
15.487913	15.967679	8.052000	26.452210
15.331905	15.891791	8.064000	26.515042
15.171805	15.820838	8.076000	26.577874
15.007563	15.755340	8.088000	26.640706
14.839171	15.695855	8.100000	26.703538
14.666667	15.642977	8.112000	26.766369
14.490147	15.597340	8.124000	26.829201
14.309773	15.559609	8.136000	26.892033
14.125780	15.530479	8.148000	26.954865
13.938488	15.510671	8.160000	27.017697
13.748309	15.500919	8.172000	27.080529
13.555760	15.501967	8.184000	27.143361
13.361470	15.514551	8.196000	27.206192
13.166188	15.539389	8.208000	27.269024
12.970789	15.577159	8.220000	27.331856
12.776280	15.628481	8.232000	27.394688
12.583799	15.693894	8.244000	27.457520
12.394613	15.773832	8.256000	27.520352
12.210109	15.868599	8.268000	27.583183
12.031782	15.978338	8.280000	27.646015
11.861217	16.103012	8.292000	27.708847
11.700061	16.242373	8.304000	27.771679
11.549994	16.395949	8.316000	27.834511
11.412693	16.563024	8.328000	27.897343
11.289788	16.742632	8.340000	27.960175
11.182817	16.933558	8.352000	28.023006
11.093185	17.134347	8.364000	28.085838
11.022113	17.343323	8.376000	28.148670
10.970600	17.558620	8.388000	28.211502
10.939388	17.778221	8.400000	28.274334
10.928932	18.000000	8.412000	28.337166
10.939388	18.221779	8.424000	28.399998
10.970600	18.441380	8.436000	28.462829
11.022113	18.656677	8.448000	28.525661
11.093185	18.865653	8.460000	28.588493
11.182817	19.066442	8.472000	28.651325
11.289788	19.257368	8.484000	28.714157
11.412693	19.436976	8.496000	28.776989
11.549994	19.604051	8.508000	28.839821
11.700061	19.757627	8.520000	28.902652
11.861217	19.896988	8.532000	28.965484
12.031782	20.021662	8.544000	29.028316
12.210109	20.131401	8.556000	29.091148
12.394613	20.226168	8.568000	29.153980
12.583799	20.306106	8.580000	29.216812
12.776280	20.371519	8.592000	29.279644
12.970789	20.422841	8.604000	29.342475
13.166188	20.460611	8.616000	29.405307
13.361470	20.485449	8.628000	29.468139
13.555760	20.498033	8.640000	29.530971
13.748309	20.499081	8.652000	29.593803
13.938488	20.489329	8.664000	29.656635
14.125780	20.469521	8.676000	29.719467
14.309773	20.440391	8.688000	29.782298
14.490147	20.402660	8.700000	29.845130
14.666667	20.357023	8.712000	29.907962
14.839171	20.304145	8.724000	29.970794
15.007563	20.244660	8.736000	30.033626
15.171805	20.179162	8.748000	30.096458
15.331905	20.108209	8.760000	30.159289
15.487913	20.032321	8.772000	30.222121
15.639915	19.951980	8.784000	30.284953
15.788026	19.867632	8.796000	30.347785
15.932383	19.779685	8.808000	30.410617
16.073145	19.688516	8.820000	30.473449
16.210485	19.594469	8.832000	30.536281
16.344590	19.497860	8.844000	30.599112
16.475655	19.398974	8.856000	30.661944
16.603885	19.298074	8.868000	30.724776
16.729489	19.195399	8.880000	30.787608
16.852680	19.091166	8.892000	30.850440
16.973675	18.985573	8.904000	30.913272
17.092691	18.878804	8.916000	30.976104
17.209949	18.771024	8.928000	31.038935
17.325669	18.662387	8.940000	31.101767
17.440069	18.553037	8.952000	31.164599
17.553372	18.443106	8.964000	31.227431
17.665797	18.332720	8.976000	31.290263
17.777563	18.221998	8.988000	31.353095
17.888891	18.111054	9.000000	31.415927
18.000000	18.000000	9.012000	31.478758
18.111109	17.888946	9.024000	31.541590
18.222437	17.778002	9.036000	31.604422
18.334203	17.667280	9.048000	31.667254
18.446628	17.556894	9.060000	31.730086
18.559931	17.446963	9.072000	31.792918
18.674331	17.337613	9.084000	31.855750
18.790051	17.228976	9.096000	31.918581
18.907309	17.121196	9.108000	31.981413
19.026325	17.014427	9.120000	32.044245
19.147320	16.908834	9.132000	32.107077
19.270511	16.804601	9.144000	32.169909
19.396115	16.701926	9.156000	32.232741
19.524345	16.601026	9.168000	32.295572
19.655410	16.502140	9.180000	32.358404
19.789515	16.405531	9.192000	32.421236
19.926855	16.311484	9.204000	32.484068
20.067617	16.220315	9.216000	32.546900
20.211974	16.132368	9.228000	32.609732
20.360085	16.048020	9.240000	32.672564
20.512087	15.967679	9.252000	32.735395
20.668095	15.891791	9.264000	32.798227
20.828195	15.820838	9.276000	32.861059
20.992437	15.755340	9.288000	32.923891
21.160829	15.695855	9.300000	32.986723
21.333333	15.642977	9.312000	33.049555
21.509853	15.597340	9.324000	33.112387
21.690227	15.559609	9.336000	33.175218
21.874220	15.530479	9.348000	33.238050
22.061512	15.510671	9.360000	33.300882
22.251691	15.500919	9.372000	33.363714
22.444240	15.501967	9.384000	33.426546
22.638530	15.514551	9.396000	33.489378
22.833812	15.539389	9.408000	33.552210
23.029211	15.577159	9.420000	33.615041
23.223720	15.628481	9.432000	33.677873
23.416201	15.693894	9.444000	33.740705
23.605387	15.773832	9.456000	33.803537
23.789891	15.868599	9.468000	33.866369
23.968218	15.978338	9.480000	33.929201
24.138783	16.103012	9.492000	33.992033
24.299939	16.242373	9.504000	34.054864
24.450006	16.395949	9.516000	34.117696
24.587307	16.563024	9.528000	34.180528
24.710212	16.742632	9.540000	34.243360
24.817183	16.933558	9.552000	34.306192
24.906815	17.134347	9.564000	34.369024
24.977887	17.343323	9.576000	34.431855
25.029400	17.558620	9.588000	34.494687
25.060612	17.778221	9.600000	34.557519
25.071068	18.000000	9.612000	34.620351
25.060612	18.221779	9.624000	34.683183
25.029400	18.441380	9.636000	34.746015
24.977887	18.656677	9.648000	34.808847
24.906815	18.865653	9.660000	34.871678
24.817183	19.066442	9.672000	34.934510
24.710212	19.257368	9.684000	34.997342
24.587307	19.436976	9.696000	35.060174
24.450006	19.604051	9.708000	35.123006
24.299939	19.757627	9.720000	35.185838
24.138783	19.896988	9.732000	35.248670
23.968218	20.021662	9.744000	35.311501
23.789891	20.131401	9.756000	35.374333
23.605387	20.226168	9.768000	35.437165
23.416201	20.306106	9.780000	35.499997
23.223720	20.371519	9.792000	35.562829
23.029211	20.422841	9.804000	35.625661
22.833812	20.460611	9.816000	35.688493
22.638530	20.485449	9.828000	35.751324
22.444240	20.498033	9.840000	35.814156
22.251691	20.499081	9.852000	35.876988
22.061512	20.489329	9.864000	35.939820
21.874220	20.469521	9.876000	36.002652
21.690227	20.440391	9.888000	36.065484
21.509853	20.402660	9.900000	36.128316
21.333333	20.357023	9.912000	36.191147
21.160829	20.304145	9.924000	36.253979
20.992437	20.244660	9.936000	36.316811
20.828195	20.179162	9.948000	36.379643
20.668095	20.108209	9.960000	36.442475
20.512087	20.032321	9.972000	36.505307
20.360085	19.951980	9.984000	36.568138
20.211974	19.867632	9.996000	36.630970
20.067617	19.779685	10.008000	36.693802
19.926855	19.688516	10.020000	36.756634
19.789515	19.594469	10.032000	36.819466
19.655410	19.497860	10.044000	36.882298
19.524345	19.398974	10.056000	36.945130
19.396115	19.298074	10.068000	37.007961
19.270511	19.195399	10.080000	37.070793
19.147320	19.091166	10.092000	37.133625
19.026325	18.985573	10.104000	37.196457
18.907309	18.878804	10.116000	37.259289
18.790051	18.771024	10.128000	37.322121
18.674331	18.662387	10.140000	37.384953
18.559931	18.553037	10.152000	37.447784
18.446628	18.443106	10.164000	37.510616
18.334203	18.332720	10.176000	37.573448
18.222437	18.221998	10.188000	37.636280
18.111109	18.111054	10.200000	37.699112
18.000000	18.000000	10.212000	37.761944
17.888891	17.888946	10.224000	37.824776
17.777563	17.778002	10.236000	37.887607
17.665797	17.667280	10.248000	37.950439
17.553372	17.556894	10.260000	38.013271
17.440069	17.446963	10.272000	38.076103
17.325669	17.337613	10.284000	38.138935
17.209949	17.228976	10.296000	38.201767
17.092691	17.121196	10.308000	38.264599
16.973675	17.014427	10.320000	38.327430
16.852680	16.908834	10.332000	38.390262
16.729489	16.804601	10.344000	38.453094
16.603885	16.701926	10.356000	38.515926
16.475655	16.601026	10.368000	38.578758
16.344590	16.502140	10.380000	38.641590
16.210485	16.405531	10.392000	38.704421
16.073145	16.311484	10.404000	38.767253
15.932383	16.220315	10.416000	38.830085
15.788026	16.132368	10.428000	38.892917
15.639915	16.048020	10.440000	38.955749
15.487913	15.967679	10.452000	39.018581
15.331905	15.891791	10.464000	39.081413
15.171805	15.820838	10.476000	39.144244
15.007563	15.755340	10.488000	39.207076
14.839171	15.695855	10.500000	39.269908
14.666667	15.642977	10.512000	39.332740
14.490147	15.597340	10.524000	39.395572
14.309773	15.559609	10.536000	39.458404
14.125780	15.530479	10.548000	39.521236
13.938488	15.510671	10.560000	39.584067
13.748309	15.500919	10.572000	39.646899
13.555760	15.501967	10.584000	39.709731
13.361470	15.514551	10.596000	39.772563
13.166188	15.539389	10.608000	39.835395
12.970789	15.577159	10.620000	39.898227
12.776280	15.628481	10.632000	39.961059
12.583799	15.693894	10.644000	40.023890
12.394613	15.773832	10.656000	40.086722
12.210109	15.868599	10.668000	40.149554
12.031782	15.978338	10.680000	40.212386
11.861217	16.103012	10.692000	40.275218
11.700061	16.242373	10.704000	40.338050
11.549994	16.395949	10.716000	40.400882
11.412693	16.563024	10.728000	40.463713
11.289788	16.742632	10.740000	40.526545
11.182817	16.933558	10.752000	40.589377
11.093185	17.134347	10.764000	40.652209
11.022113	17.343323	10.776000	40.715041
10.970600	17.558620	10.788000	40.777873
10.939388	17.778221	10.800000	40.840704
10.928932	18.000000	10.812000	40.903536
10.939388	18.221779	10.824000	40.966368
10.970600	18.441380	10.836000	41.029200
11.022113	18.656677	10.848000	41.092032
11.093185	18.865653	10.860000	41.154864
11.182817	19.066442	10.872000	41.217696
11.289788	19.257368	10.884000	41.280527
11.412693	19.436976	10.896000	41.343359
11.549994	19.604051	10.908000	41.406191
11.700061	19.757627	10.920000	41.469023
11.861217	19.896988	10.932000	41.531855
12.031782	20.021662	10.944000	41.594687
12.210109	20.131401	10.956000	41.657519
12.394613	20.226168	10.968000	41.720350
12.583799	20.306106	10.980000	41.783182
12.776280	20.371519	10.992000	41.846014
12.970789	20.422841	11.004000	41.908846
13.166188	20.460611	11.016000	41.971678
13.361470	20.485449	11.028000	42.034510
13.555760	20.498033	11.040000	42.097342
13.748309	20.499081	11.052000	42.160173
13.938488	20.489329	11.064000	42.223005
14.125780	20.469521	11.076000	42.285837
14.309773	20.440391	11.088000	42.348669
14.490147	20.402660	11.100000	42.411501
14.666667	20.357023	11.112000	42.474333
14.839171	20.304145	11.124000	42.537165
15.007563	20.244660	11.136000	42.599996
15.171805	20.179162	11.148000	42.662828
15.331905	20.108209	11.160000	42.725660
15.487913	20.032321	11.172000	42.788492
15.639915	19.951980	11.184000	42.851324
15.788026	19.867632	11.196000	42.914156
15.932383	19.779685	11.208000	42.976988
16.073145	19.688516	11.220000	43.039819
16.210485	19.594469	11.232000	43.102651
16.344590	19.497860	11.244000	43.165483
16.475655	19.398974	11.256000	43.228315
16.603885	19.298074	11.268000	43.291147
16.729489	19.195399	11.280000	43.353979
16.852680	19.091166	11.292000	43.416810
16.973675	18.985573	11.304000	43.479642
17.092691	18.878804	11.316000	43.542474
17.209949	18.771024	11.328000	43.605306
17.325669	18.662387	11.340000	43.668138
17.440069	18.553037	11.352000	43.730970
17.553372	18.443106	11.364000	43.793802
17.665797	18.332720	11.376000	43.856633
17.777563	18.221998	11.388000	43.919465
17.888891	18.111054	11.400000	43.982297
18.000000	18.000000	11.412000	44.045129
18.111109	17.888946	11.424000	44.107961
18.222437	17.778002	11.436000	44.170793
18.334203	17.667280	11.448000	44.233625
18.446628	17.556894	11.460000	44.296456
18.559931	17.446963	11.472000	44.359288
18.674331	17.337613	11.484000	44.422120
18.790051	17.228976	11.496000	44.484952
18.907309	17.121196	11.508000	44.547784
19.026325	17.014427	11.520000	44.610616
19.147320	16.908834	11.532000	44.673448
19.270511	16.804601	11.544000	44.736279
19.396115	16.701926	11.556000	44.799111
19.524345	16.601026	11.568000	44.861943
19.655410	16.502140	11.580000	44.924775
19.789515	16.405531	11.592000	44.987607
19.926855	16.311484	11.604000	45.050439
20.067617	16.220315	11.616000	45.113271
20.211974	16.132368	11.628000	45.176102
20.360085	16.048020	11.640000	45.238934
20.512087	15.967679	11.652000	45.301766
20.668095	15.891791	11.664000	45.364598
20.828195	15.820838	11.676000	45.427430
20.992437	15.755340	11.688000	45.490262
21.160829	15.695855	11.700000	45.553093
21.333333	15.642977	11.712000	45.615925
21.509853	15.597340	11.724000	45.678757
21.690227	15.559609	11.736000	45.741589
21.874220	15.530479	11.748000	45.804421
22.061512	15.510671	11.760000	45.867253
22.251691	15.500919	11.772000	45.930085
22.444240	15.501967	11.784000	45.992916
22.638530	15.514551	11.796000	46.055748
22.833812	15.539389	11.808000	46.118580
23.029211	15.577159	11.820000	46.181412
23.223720	15.628481	11.832000	46.244244
23.416201	15.693894	11.844000	46.307076
23.605387	15.773832	11.856000	46.369908
23.789891	15.868599	11.868000	46.432739
23.968218	15.978338	11.880000	46.495571
24.138783	16.103012	11.892000	46.558403
24.299939	16.242373	11.904000	46.621235
24.450006	16.395949	11.916000	46.684067
24.587307	16.563024	11.928000	46.746899
24.710212	16.742632	11.940000	46.809731
24.817183	16.933558	11.952000	46.872562
24.906815	17.134347	11.964000	46.935394
24.977887	17.343323	11.976000	46.998226
25.029400	17.558620	11.988000	47.061058
25.060612	17.778221	12.000000	47.123890
25.071068	18.000000	12.012000	47.186722
25.060612	18.221779	12.024000	47.249554
25.029400	18.441380	12.036000	47.312385
24.977887	18.656677	12.048000	47.375217
24.906815	18.865653	12.060000	47.438049
24.817183	19.066442	12.072000	47.500881
24.710212	19.257368	12.084000	47.563713
24.587307	19.436976	12.096000	47.626545
24.450006	19.604051	12.108000	47.689376
24.299939	19.757627	12.120000	47.752208
24.138783	19.896988	12.132000	47.815040
23.968218	20.021662	12.144000	47.877872
23.789891	20.131401	12.156000	47.940704
23.605387	20.226168	12.168000	48.003536
23.416201	20.306106	12.180000	48.066368
23.223720	20.371519	12.192000	48.129199
23.029211	20.422841	12.204000	48.192031
22.833812	20.460611	12.216000	48.254863
22.638530	20.485449	12.228000	48.317695
22.444240	20.498033	12.240000	48.380527
22.251691	20.499081	12.252000	48.443359
22.061512	20.489329	12.264000	48.506191
21.874220	20.469521	12.276000	48.569022
21.690227	20.440391	12.288000	48.631854
21.509853	20.402660	12.300000	48.694686
21.333333	20.357023	12.312000	48.757518
21.160829	20.304145	12.324000	48.820350
20.992437	20.244660	12.336000	48.883182
20.828195	20.179162	12.348000	48.946014
20.668095	20.108209	12.360000	49.008845
20.512087	20.032321	12.372000	49.071677
20.360085	19.951980	12.384000	49.134509
20.211974	19.867632	12.396000	49.197341
20.067617	19.779685	12.408000	49.260173
19.926855	19.688516	12.420000	49.323005
19.789515	19.594469	12.432000	49.385837
19.655410	19.497860	12.444000	49.448668
19.524345	19.398974	12.456000	49.511500
19.396115	19.298074	12.468000	49.574332
19.270511	19.195399	12.480000	49.637164
19.147320	19.091166	12.492000	49.699996
19.026325	18.985573	12.504000	49.762828
18.907309	18.878804	12.516000	49.825659
18.790051	18.771024	12.528000	49.888491
18.674331	18.662387	12.540000	49.951323
18.559931	18.553037	12.552000	50.014155
18.446628	18.443106	12.564000	50.076987
18.334203	18.332720	12.576000	50.139819
18.222437	18.221998	12.588000	50.202651
18.111109	18.111054	12.600000	50.265482
18.000000	18.000000	12.612000	50.328314
17.888891	17.888946	12.624000	50.391146
17.777563	17.778002	12.636000	50.453978
17.665797	17.667280	12.648000	50.516810
17.553372	17.556894	12.660000	50.579642
17.440069	17.446963	12.672000	50.642474
17.325669	17.337613	12.684000	50.705305
17.209949	17.228976	12.696000	50.768137
17.092691	17.121196	12.708000	50.830969
16.973675	17.014427	12.720000	50.893801
16.852680	16.908834	12.732000	50.956633
16.729489	16.804601	12.744000	51.019465
16.603885	16.701926	12.756000	51.082297
16.475655	16.601026	12.768000	51.145128
16.344590	16.502140	12.780000	51.207960
16.210485	16.405531	12.792000	51.270792
16.073145	16.311484	12.804000	51.333624
15.932383	16.220315	12.816000	51.396456
15.788026	16.132368	12.828000	51.459288
15.639915	16.048020	12.840000	51.522120
15.487913	15.967679	12.852000	51.584951
15.331905	15.891791	12.864000	51.647783
15.171805	15.820838	12.876000	51.710615
15.007563	15.755340	12.888000	51.773447
14.839171	15.695855	12.900000	51.836279
14.666667	15.642977	12.912000	51.899111
14.490147	15.597340	12.924000	51.961942
14.309773	15.559609	12.936000	52.024774
14.125780	15.530479	12.948000	52.087606
13.938488	15.510671	12.960000	52.150438
13.748309	15.500919	12.972000	52.213270
13.555760	15.501967	12.984000	52.276102
13.361470	15.514551	12.996000	52.338934
13.166188	15.539389	13.008000	52.401765
12.970789	15.577159	13.020000	52.464597
12.776280	15.628481	13.032000	52.527429
12.583799	15.693894	13.044000	52.590261
12.394613	15.773832	13.056000	52.653093
12.210109	15.868599	13.068000	52.715925
12.031782	15.978338	13.080000	52.778757
11.861217	16.103012	13.092000	52.841588
11.700061	16.242373	13.104000	52.904420
11.549994	16.395949	13.116000	52.967252
11.412693	16.563024	13.128000	53.030084
11.289788	16.742632	13.140000	53.092916
11.182817	16.933558	13.152000	53.155748
11.093185	17.134347	13.164000	53.218580
11.022113	17.343323	13.176000	53.281411
10.970600	17.558620	13.188000	53.344243
10.939388	17.778221	13.200000	53.407075
10.928932	18.000000	13.212000	53.469907
10.939388	18.221779	13.224000	53.532739
10.970600	18.441380	13.236000	53.595571
11.022113	18.656677	13.248000	53.658403
11.093185	18.865653	13.260000	53.721234
11.182817	19.066442	13.272000	53.784066
11.289788	19.257368	13.284000	53.846898
11.412693	19.436976	13.296000	53.909730
11.549994	19.604051	13.308000	53.972562
11.700061	19.757627	13.320000	54.035394
11.861217	19.896988	13.332000	54.098225
12.031782	20.021662	13.344000	54.161057
12.210109	20.131401	13.356000	54.223889
12.394613	20.226168	13.368000	54.286721
12.583799	20.306106	13.380000	54.349553
12.776280	20.371519	13.392000	54.412385
12.970789	20.422841	13.404000	54.475217
13.166188	20.460611	13.416000	54.538048
13.361470	20.485449	13.428000	54.600880
13.555760	20.498033	13.440000	54.663712
13.748309	20.499081	13.452000	54.726544
13.938488	20.489329	13.464000	54.789376
14.125780	20.469521	13.476000	54.852208
14.309773	20.440391	13.488000	54.915040
14.490147	20.402660	13.500000	54.977871
14.666667	20.357023	13.512000	55.040703
14.839171	20.304145	13.524000	55.103535
15.007563	20.244660	13.536000	55.166367
15.171805	20.179162	13.548000	55.229199
15.331905	20.108209	13.560000	55.292031
15.487913	20.032321	13.572000	55.354863
15.639915	19.951980	13.584000	55.417694
15.788026	19.867632	13.596000	55.480526
15.932383	19.779685	13.608000	55.543358
16.073145	19.688516	13.620000	55.606190
16.210485	19.594469	13.632000	55.669022
16.344590	19.497860	13.644000	55.731854
16.475655	19.398974	13.656000	55.794686
16.603885	19.298074	13.668000	55.857517
16.729489	19.195399	13.680000	55.920349
16.852680	19.091166	13.692000	55.983181
16.973675	18.985573	13.704000	56.046013
17.092691	18.878804	13.716000	56.108845
17.209949	18.771024	13.728000	56.171677
17.325669	18.662387	13.740000	56.234508
17.440069	18.553037	13.752000	56.297340
17.553372	18.443106	13.764000	56.360172
17.665797	18.332720	13.776000	56.423004
17.777563	18.221998	13.788000	56.485836
17.888891	18.111054	13.800000	56.548668
18.000000	18.000000	13.812000	56.611500
18.111109	17.888946	13.824000	56.674331
18.222437	17.778002	13.836000	56.737163
18.334203	17.667280	13.848000	56.799995
18.446628	17.556894	13.860000	56.862827
18.559931	17.446963	13.872000	56.925659
18.674331	17.337613	13.884000	56.988491
18.790051	17.228976	13.896000	57.051323
18.907309	17.121196	13.908000	57.114154
19.026325	17.014427	13.920000	57.176986
19.147320	16.908834	13.932000	57.239818
19.270511	16.804601	13.944000	57.302650
19.396115	16.701926	13.956000	57.365482
19.524345	16.601026	13.968000	57.428314
19.655410	16.502140	13.980000	57.491146
19.789515	16.405531	13.992000	57.553977
19.926855	16.311484	14.004000	57.616809
20.067617	16.220315	14.016000	57.679641
20.211974	16.132368	14.028000	57.742473
20.360085	16.048020	14.040000	57.805305
20.512087	15.967679	14.052000	57.868137
20.668095	15.891791	14.064000	57.930969
20.828195	15.820838	14.076000	57.993800
20.992437	15.755340	14.088000	58.056632
21.160829	15.695855	14.100000	58.119464
21.333333	15.642977	14.112000	58.182296
21.509853	15.597340	14.124000	58.245128
21.690227	15.559609	14.136000	58.307960
21.874220	15.530479	14.148000	58.370792
22.061512	15.510671	14.160000	58.433623
22.251691	15.500919	14.172000	58.496455
22.444240	15.501967	14.184000	58.559287
22.638530	15.514551	14.196000	58.622119
22.833812	15.539389	14.208000	58.684951
23.029211	15.577159	14.220000	58.747783
23.223720	15.628481	14.232000	58.810614
23.416201	15.693894	14.244000	58.873446
23.605387	15.773832	14.256000	58.936278
23.789891	15.868599	14.268000	58.999110
23.968218	15.978338	14.280000	59.061942
24.138783	16.103012	14.292000	59.124774
24.299939	16.242373	14.304000	59.187606
24.450006	16.395949	14.316000	59.250437
24.587307	16.563024	14.328000	59.313269
24.710212	16.742632	14.340000	59.376101
24.817183	16.933558	14.352000	59.438933
24.906815	17.134347	14.364000	59.501765
24.977887	17.343323	14.376000	59.564597
25.029400	17.558620	14.388000	59.627429
25.060612	17.778221	14.400000	59.690260
25.071068	18.000000	14.412000	59.753092
25.060612	18.221779	14.424000	59.815924
25.029400	18.441380	14.436000	59.878756
24.977887	18.656677	14.448000	59.941588
24.906815	18.865653	14.460000	60.004420
24.817183	19.066442	14.472000	60.067252
24.710212	19.257368	14.484000	60.130083
24.587307	19.436976	14.496000	60.192915
24.450006	19.604051	14.508000	60.255747
24.299939	19.757627	14.520000	60.318579
24.138783	19.896988	14.532000	60.381411
23.968218	20.021662	14.544000	60.444243
23.789891	20.131401	14.556000	60.507075
23.605387	20.226168	14.568000	60.569906
23.416201	20.306106	14.580000	60.632738
23.223720	20.371519	14.592000	60.695570
23.029211	20.422841	14.604000	60.758402
22.833812	20.460611	14.616000	60.821234
22.638530	20.485449	14.628000	60.884066
22.444240	20.498033	14.640000	60.946897
22.251691	20.499081	14.652000	61.009729
22.061512	20.489329	14.664000	61.072561
21.874220	20.469521	14.676000	61.135393
21.690227	20.440391	14.688000	61.198225
21.509853	20.402660	14.700000	61.261057
21.333333	20.357023	14.712000	61.323889
21.160829	20.304145	14.724000	61.386720
20.992437	20.244660	14.736000	61.449552
20.828195	20.179162	14.748000	61.512384
20.668095	20.108209	14.760000	61.575216
20.512087	20.032321	14.772000	61.638048
20.360085	19.951980	14.784000	61.700880
20.211974	19.867632	14.796000	61.763712
20.067617	19.779685	14.808000	61.826543
19.926855	19.688516	14.820000	61.889375
19.789515	19.594469	14.832000	61.952207
19.655410	19.497860	14.844000	62.015039
19.524345	19.398974	14.856000	62.077871
19.396115	19.298074	14.868000	62.140703
19.270511	19.195399	14.880000	62.203535
19.147320	19.091166	14.892000	62.266366
19.026325	18.985573	14.904000	62.329198
18.907309	18.878804	14.916000	62.392030
18.790051	18.771024	14.928000	62.454862
18.674331	18.662387	14.940000	62.517694
18.559931	18.553037	14.952000	62.580526
18.446628	18.443106	14.964000	62.643358
18.334203	18.332720	14.976000	62.706189
18.222437	18.221998	14.988000	62.769021
18.111109	18.111054	15.000000	62.831853
